model = average monoploid		
1	100000	1
2	100000	0,987817
3	100000	0,980261
4	100000	0,974533
5	100000	0,970237
6	100000	0,967128
7	100000	0,965725
8	100000	0,963793
9	100000	0,963156
10	100000	0,961783
11	100000	0,961211
12	100000	0,960911
13	100000	0,95928
14	100000	0,959145
15	100000	0,957999
16	100000	0,95723
17	100000	0,957059
18	100000	0,956289
19	100000	0,95621
20	100000	0,955208
21	100000	0,95515
22	100000	0,955257
23	100000	0,95513
24	100000	0,955296
25	100000	0,955062
26	100000	0,954615
27	100000	0,953891
28	100000	0,953662
29	100000	0,953335
30	100000	0,953324
31	100000	0,953667
32	100000	0,953516
33	100000	0,953797
34	100000	0,953758
35	100000	0,953368
36	100000	0,953458
37	100000	0,953345
38	100000	0,95276
39	100000	0,95289
40	100000	0,952681
41	100000	0,952311
42	100000	0,95219
43	100000	0,952235
44	100000	0,952044
45	100000	0,951667
46	100000	0,95172
47	100000	0,951741
48	100000	0,951608
49	100000	0,951544
50	100000	0,95153
51	100000	0,951177
52	100000	0,951187
53	100000	0,951217
54	100000	0,951086
55	100000	0,951018
56	100000	0,9513
57	100000	0,951331
58	100000	0,951036
59	100000	0,951086
60	100000	0,951008
61	100000	0,951374
62	100000	0,950588
63	100000	0,950897
64	100000	0,95069
65	100000	0,950677
66	100000	0,950262
67	100000	0,949911
68	100000	0,950349
69	100000	0,95016
70	100000	0,950334
71	100000	0,950076
72	100000	0,949739
73	100000	0,950024
74	100000	0,950067
75	100000	0,950285
76	100000	0,950602
77	100000	0,950159
78	100000	0,950256
79	100000	0,950311
80	100000	0,950175
81	100000	0,949874
82	100000	0,949716
83	100000	0,949909
84	100000	0,949897
85	100000	0,949864
86	100000	0,950155
87	100000	0,950363
88	100000	0,949813
89	100000	0,949676
90	100000	0,949694
91	100000	0,94968
92	100000	0,949763
93	100000	0,949753
94	100000	0,950012
95	100000	0,949802
96	100000	0,949721
97	100000	0,94952
98	100000	0,949366
99	100000	0,949624
100	100000	0,949683
101	100000	0,949806
102	100000	0,950438
103	100000	0,950079
104	100000	0,950054
105	100000	0,949931
106	100000	0,949813
107	100000	0,949944
108	100000	0,949793
109	100000	0,950005
110	100000	0,949874
111	100000	0,949753
112	100000	0,949343
113	100000	0,949595
114	100000	0,949713
115	100000	0,949927
116	100000	0,949702
117	100000	0,949588
118	100000	0,949622
119	100000	0,949442
120	100000	0,949515
121	100000	0,949653
122	100000	0,949951
123	100000	0,94973
124	100000	0,949398
125	100000	0,949652
126	100000	0,949707
127	100000	0,949725
128	100000	0,94974
129	100000	0,950034
130	100000	0,949673
131	100000	0,949533
132	100000	0,94974
133	100000	0,949741
134	100000	0,949862
135	100000	0,949837
136	100000	0,949533
137	100000	0,949755
138	100000	0,949948
139	100000	0,949631
140	100000	0,94994
141	100000	0,949896
142	100000	0,949989
143	100000	0,949961
144	100000	0,949978
145	100000	0,950148
146	100000	0,950066
147	100000	0,949922
148	100000	0,949818
149	100000	0,949603
150	100000	0,950131
151	100000	0,950179
152	100000	0,949932
153	100000	0,950118
154	100000	0,950154
155	100000	0,949929
156	100000	0,950009
157	100000	0,950004
158	100000	0,949962
159	100000	0,950222
160	100000	0,950094
161	100000	0,950158
162	100000	0,95057
163	100000	0,950754
164	100000	0,950402
165	100000	0,950291
166	100000	0,950934
167	100000	0,950779
168	100000	0,950556
169	100000	0,950655
170	100000	0,950473
171	100000	0,95053
172	100000	0,950878
173	100000	0,950896
174	100000	0,951015
175	100000	0,951126
176	100000	0,951237
177	100000	0,951075
178	100000	0,950616
179	100000	0,950903
180	100000	0,951078
181	100000	0,951149
182	100000	0,950811
183	100000	0,95095
184	100000	0,950931
185	100000	0,95102
186	100000	0,950579
187	100000	0,950605
188	100000	0,95098
189	100000	0,950428
190	100000	0,950858
191	100000	0,950718
192	100000	0,951147
193	100000	0,951006
194	100000	0,950983
195	100000	0,951541
196	100000	0,951217
197	100000	0,951555
198	100000	0,951325
199	100000	0,951314
200	100000	0,951279
201	100000	0,951536
202	100000	0,951415
203	100000	0,951293
204	100000	0,95168
205	100000	0,95154
206	100000	0,951277
207	100000	0,951641
208	100000	0,950743
209	100000	0,951022
210	100000	0,951136
211	100000	0,951424
212	100000	0,951216
213	100000	0,951397
214	100000	0,951403
215	100000	0,951392
216	100000	0,951522
217	100000	0,951753
218	100000	0,952138
219	100000	0,951728
220	100000	0,952025
221	100000	0,951653
222	100000	0,951957
223	100000	0,952123
224	100000	0,952156
225	100000	0,952017
226	100000	0,951798
227	100000	0,951953
228	100000	0,951663
229	100000	0,951672
230	100000	0,951972
231	100000	0,951754
232	100000	0,951487
233	100000	0,951541
234	100000	0,951769
235	100000	0,951681
236	100000	0,951614
237	100000	0,951758
238	100000	0,951755
239	100000	0,951919
240	100000	0,951786
241	100000	0,951729
242	100000	0,952116
243	100000	0,952041
244	100000	0,952088
245	100000	0,952082
246	100000	0,951826
247	100000	0,952226
248	100000	0,952171
249	100000	0,952041
250	100000	0,952139
251	100000	0,952358
252	100000	0,952365
253	100000	0,952527
254	100000	0,952471
255	100000	0,952385
256	100000	0,952349
257	100000	0,952508
258	100000	0,952139
259	100000	0,95164
260	100000	0,95231
261	100000	0,952201
262	100000	0,952231
263	100000	0,952025
264	100000	0,952255
265	100000	0,952927
266	100000	0,952607
267	100000	0,952471
268	100000	0,953153
269	100000	0,952593
270	100000	0,952654
271	100000	0,952882
272	100000	0,952747
273	100000	0,952971
274	100000	0,953022
275	100000	0,953331
276	100000	0,953312
277	100000	0,953222
278	100000	0,953205
279	100000	0,953471
280	100000	0,953643
281	100000	0,953585
282	100000	0,953176
283	100000	0,953007
284	100000	0,952895
285	100000	0,95308
286	100000	0,953022
287	100000	0,952861
288	100000	0,953091
289	100000	0,953427
290	100000	0,953499
291	100000	0,953327
292	100000	0,953373
293	100000	0,953661
294	100000	0,953286
295	100000	0,953493
296	100000	0,953541
297	100000	0,953491
298	100000	0,953716
299	100000	0,953783
300	100000	0,953563
301	100000	0,953706
302	100000	0,95331
303	100000	0,953559
304	100000	0,953446
305	100000	0,953909
306	100000	0,953384
307	100000	0,953579
308	100000	0,953432
309	100000	0,953798
310	100000	0,95409
311	100000	0,953993
312	100000	0,95414
313	100000	0,954107
314	100000	0,953918
315	100000	0,953741
316	100000	0,953403
317	100000	0,954013
318	100000	0,954094
319	100000	0,954532
320	100000	0,95408
321	100000	0,954331
322	100000	0,953807
323	100000	0,953979
324	100000	0,953575
325	100000	0,95316
326	100000	0,953729
327	100000	0,954156
328	100000	0,954426
329	100000	0,954423
330	100000	0,954405
331	100000	0,954456
332	100000	0,954516
333	100000	0,954328
334	100000	0,954188
335	100000	0,95421
336	100000	0,954141
337	100000	0,954241
338	100000	0,954544
339	100000	0,954676
340	100000	0,954288
341	100000	0,954387
342	100000	0,953978
343	100000	0,95442
344	100000	0,954127
345	100000	0,95426
346	100000	0,953711
347	100000	0,954296
348	100000	0,954433
349	100000	0,954431
350	100000	0,954158
351	100000	0,954389
352	100000	0,953833
353	100000	0,954239
354	100000	0,953705
355	100000	0,953842
356	100000	0,953953
357	100000	0,954072
358	100000	0,954013
359	100000	0,954101
360	100000	0,954067
361	100000	0,954487
362	100000	0,954734
363	100000	0,954851
364	100000	0,954561
365	100000	0,954729
366	100000	0,954339
367	100000	0,95435
368	100000	0,954346
369	100000	0,954488
370	100000	0,954032
371	100000	0,954544
372	100000	0,954873
373	100000	0,954744
374	100000	0,955017
375	100000	0,955185
376	100000	0,955308
377	100000	0,955628
378	100000	0,954901
379	100000	0,955016
380	100000	0,955139
381	100000	0,955219
382	100000	0,954836
383	100000	0,954841
384	100000	0,954676
385	100000	0,954955
386	100000	0,955252
387	100000	0,955504
388	100000	0,955301
389	100000	0,955573
390	100000	0,955153
391	100000	0,955143
392	100000	0,954645
393	100000	0,954898
394	100000	0,955086
395	100000	0,955443
396	100000	0,955517
397	100000	0,955321
398	100000	0,955655
399	100000	0,955072
400	100000	0,955329
401	100000	0,954782
402	100000	0,955172
403	100000	0,955437
404	100000	0,955669
405	100000	0,955416
406	100000	0,955291
407	100000	0,955274
408	100000	0,955601
409	100000	0,955853
410	100000	0,955571
411	100000	0,955714
412	100000	0,955349
413	100000	0,9556
414	100000	0,955441
415	100000	0,955918
416	100000	0,955665
417	100000	0,955334
418	100000	0,95562
419	100000	0,955173
420	100000	0,955984
421	100000	0,955963
422	100000	0,955751
423	100000	0,955651
424	100000	0,955402
425	100000	0,955789
426	100000	0,956102
427	100000	0,955839
428	100000	0,955561
429	100000	0,955911
430	100000	0,955732
431	100000	0,955278
432	100000	0,955935
433	100000	0,955345
434	100000	0,955775
435	100000	0,956225
436	100000	0,956441
437	100000	0,955931
438	100000	0,956307
439	100000	0,956074
440	100000	0,95587
441	100000	0,955718
442	100000	0,955961
443	100000	0,955662
444	100000	0,955587
445	100000	0,956228
446	100000	0,955678
447	100000	0,955778
448	100000	0,955434
449	100000	0,955227
450	100000	0,956057
451	100000	0,955877
452	100000	0,956173
453	100000	0,955852
454	100000	0,955943
455	100000	0,956024
456	100000	0,956162
457	100000	0,956293
458	100000	0,956751
459	100000	0,956741
460	100000	0,957243
461	100000	0,956789
462	100000	0,956625
463	100000	0,955984
464	100000	0,956023
465	100000	0,956547
466	100000	0,956092
467	100000	0,956653
468	100000	0,956271
469	100000	0,956055
470	100000	0,956558
471	100000	0,956815
472	100000	0,956451
473	100000	0,956736
474	100000	0,9569
475	100000	0,956669
476	100000	0,956804
477	100000	0,956743
478	100000	0,956878
479	100000	0,956639
480	100000	0,956655
481	100000	0,956497
482	100000	0,956829
483	100000	0,956841
484	100000	0,956871
485	100000	0,95672
486	100000	0,956721
487	100000	0,956958
488	100000	0,957274
489	100000	0,957639
490	100000	0,957205
491	100000	0,957068
492	100000	0,956785
493	100000	0,957259
494	100000	0,957504
495	100000	0,957181
496	100000	0,957351
497	100000	0,957514
498	100000	0,95784
499	100000	0,95758
500	100000	0,957681
501	100000	0,957884
502	100000	0,958155
503	100000	0,957927
504	100000	0,957552
505	100000	0,957735
506	100000	0,957324
507	100000	0,957527
508	100000	0,957269
509	100000	0,957095
510	100000	0,957151
511	100000	0,957415
512	100000	0,95784
513	100000	0,957836
514	100000	0,957748
515	100000	0,958274
516	100000	0,957806
517	100000	0,958121
518	100000	0,958158
519	100000	0,958671
520	100000	0,958745
521	100000	0,958756
522	100000	0,959211
523	100000	0,958289
524	100000	0,958252
525	100000	0,95863
526	100000	0,959012
527	100000	0,959316
528	100000	0,959653
529	100000	0,959197
530	100000	0,958842
531	100000	0,958935
532	100000	0,958922
533	100000	0,958968
534	100000	0,958861
535	100000	0,958919
536	100000	0,958687
537	100000	0,959355
538	100000	0,959518
539	100000	0,959409
540	100000	0,958951
541	100000	0,95888
542	100000	0,958832
543	100000	0,958861
544	100000	0,958869
545	100000	0,959654
546	100000	0,959657
547	100000	0,959678
548	100000	0,959959
549	100000	0,959804
550	100000	0,959642
551	100000	0,95947
552	100000	0,95977
553	100000	0,959693
554	100000	0,960436
555	100000	0,960596
556	100000	0,960389
557	100000	0,960254
558	100000	0,959994
559	100000	0,959812
560	100000	0,959365
561	100000	0,95936
562	100000	0,959623
563	100000	0,959667
564	100000	0,960008
565	100000	0,960047
566	100000	0,960441
567	100000	0,959686
568	100000	0,959411
569	100000	0,959491
570	100000	0,959455
571	100000	0,959869
572	100000	0,959998
573	100000	0,959759
574	100000	0,960273
575	100000	0,96022
576	100000	0,960202
577	100000	0,960327
578	100000	0,960046
579	100000	0,960149
580	100000	0,960508
581	100000	0,960351
582	100000	0,96011
583	100000	0,959825
584	100000	0,960378
585	100000	0,960482
586	100000	0,960474
587	100000	0,960872
588	100000	0,9611
589	100000	0,960989
590	100000	0,961772
591	100000	0,961636
592	100000	0,961965
593	100000	0,962034
594	100000	0,961969
595	100000	0,961798
596	100000	0,961637
597	100000	0,961868
598	100000	0,961753
599	100000	0,961759
600	100000	0,961986
601	100000	0,961993
602	100000	0,962041
603	100000	0,962173
604	100000	0,961644
605	100000	0,961753
606	100000	0,962172
607	100000	0,962205
608	100000	0,962287
609	100000	0,962301
610	100000	0,962137
611	100000	0,962283
612	100000	0,96247
613	100000	0,962197
614	100000	0,96225
615	100000	0,962049
616	100000	0,961967
617	100000	0,962036
618	100000	0,961922
619	100000	0,962099
620	100000	0,962074
621	100000	0,962204
622	100000	0,962479
623	100000	0,962947
624	100000	0,963061
625	100000	0,963395
626	100000	0,962556
627	100000	0,962604
628	100000	0,9626
629	100000	0,962619
630	100000	0,962895
631	100000	0,962927
632	100000	0,963299
633	100000	0,963333
634	100000	0,963431
635	100000	0,963207
636	100000	0,963455
637	100000	0,963097
638	100000	0,962738
639	100000	0,963063
640	100000	0,962915
641	100000	0,962524
642	100000	0,962259
643	100000	0,962489
644	100000	0,963045
645	100000	0,963114
646	100000	0,962844
647	100000	0,963196
648	100000	0,963797
649	100000	0,963643
650	100000	0,963971
651	100000	0,963955
652	100000	0,963723
653	100000	0,963971
654	100000	0,96426
655	100000	0,964392
656	100000	0,964204
657	100000	0,964319
658	100000	0,964032
659	100000	0,964403
660	100000	0,964761
661	100000	0,964221
662	100000	0,963815
663	100000	0,963967
664	100000	0,964105
665	100000	0,964265
666	100000	0,964251
667	100000	0,964409
668	100000	0,964404
669	100000	0,964653
670	100000	0,96423
671	100000	0,964429
672	100000	0,964841
673	100000	0,964893
674	100000	0,964321
675	100000	0,963863
676	100000	0,964012
677	100000	0,964505
678	100000	0,964619
679	100000	0,964789
680	100000	0,965145
681	100000	0,96532
682	100000	0,965402
683	100000	0,965495
684	100000	0,965362
685	100000	0,965629
686	100000	0,96569
687	100000	0,965716
688	100000	0,965783
689	100000	0,965845
690	100000	0,965362
691	100000	0,964895
692	100000	0,965231
693	100000	0,965604
694	100000	0,965561
695	100000	0,965277
696	100000	0,965553
697	100000	0,965876
698	100000	0,965765
699	100000	0,966062
700	100000	0,966504
701	100000	0,966581
702	100000	0,966592
703	100000	0,966777
704	100000	0,966787
705	100000	0,967177
706	100000	0,966365
707	100000	0,966466
708	100000	0,966788
709	100000	0,966265
710	100000	0,966502
711	100000	0,966634
712	100000	0,966914
713	100000	0,966625
714	100000	0,967072
715	100000	0,967621
716	100000	0,967701
717	100000	0,967826
718	100000	0,967955
719	100000	0,967696
720	100000	0,967723
721	100000	0,967246
722	100000	0,967593
723	100000	0,967596
724	100000	0,96729
725	100000	0,967874
726	100000	0,967867
727	100000	0,968156
728	100000	0,968149
729	100000	0,967744
730	100000	0,968197
731	100000	0,968422
732	100000	0,968135
733	100000	0,96845
734	100000	0,968323
735	100000	0,968554
736	100000	0,968941
737	100000	0,968854
738	100000	0,968941
739	100000	0,969267
740	100000	0,969257
741	100000	0,968832
742	100000	0,969019
743	100000	0,968804
744	100000	0,969045
745	100000	0,96948
746	100000	0,96947
747	100000	0,969682
748	100000	0,969935
749	100000	0,970214
750	100000	0,970137
751	100000	0,96963
752	100000	0,970342
753	100000	0,970455
754	100000	0,969821
755	100000	0,970196
756	100000	0,969705
757	100000	0,969587
758	100000	0,970136
759	100000	0,969829
760	100000	0,969635
761	100000	0,969546
762	100000	0,969664
763	100000	0,969652
764	100000	0,969522
765	100000	0,96946
766	100000	0,969854
767	100000	0,969822
768	100000	0,970178
769	100000	0,970469
770	100000	0,970941
771	100000	0,97076
772	100000	0,969988
773	100000	0,96988
774	100000	0,969612
775	100000	0,970209
776	100000	0,969866
777	100000	0,970332
778	100000	0,97053
779	100000	0,970344
780	100000	0,970273
781	100000	0,970391
782	100000	0,970484
783	100000	0,970785
784	100000	0,971282
785	100000	0,97148
786	100000	0,971092
787	100000	0,970659
788	100000	0,971124
789	100000	0,970895
790	100000	0,971072
791	100000	0,97127
792	100000	0,971854
793	100000	0,971638
794	100000	0,971505
795	100000	0,971741
796	100000	0,972377
797	100000	0,972087
798	100000	0,972201
799	100000	0,97235
800	100000	0,972034
801	100000	0,971766
802	100000	0,972062
803	100000	0,971885
804	100000	0,972309
805	100000	0,972424
806	100000	0,971637
807	100000	0,971241
808	100000	0,97184
809	100000	0,972184
810	100000	0,972259
811	100000	0,972197
812	100000	0,97251
813	100000	0,972138
814	100000	0,972377
815	100000	0,972537
816	100000	0,972313
817	100000	0,972243
818	100000	0,972526
819	100000	0,971854
820	100000	0,972255
821	100000	0,971976
822	100000	0,972593
823	100000	0,972861
824	100000	0,972565
825	100000	0,972276
826	100000	0,972756
827	100000	0,972646
828	100000	0,972616
829	100000	0,9726
830	100000	0,972693
831	100000	0,973012
832	100000	0,973251
833	100000	0,973114
834	100000	0,973625
835	100000	0,973925
836	100000	0,973702
837	100000	0,973791
838	100000	0,97406
839	100000	0,974255
840	100000	0,974551
841	100000	0,974594
842	100000	0,974419
843	100000	0,974482
844	100000	0,974274
845	100000	0,974536
846	100000	0,97425
847	100000	0,974557
848	100000	0,974422
849	100000	0,97443
850	100000	0,974696
851	100000	0,974934
852	100000	0,975052
853	100000	0,975562
854	100000	0,975382
855	100000	0,97539
856	100000	0,975252
857	100000	0,975847
858	100000	0,975684
859	100000	0,975405
860	100000	0,975513
861	100000	0,975882
862	100000	0,97622
863	100000	0,97584
864	100000	0,97609
865	100000	0,976008
866	100000	0,975819
867	100000	0,975538
868	100000	0,975337
869	100000	0,975501
870	100000	0,975514
871	100000	0,975364
872	100000	0,976026
873	100000	0,975894
874	100000	0,976319
875	100000	0,976623
876	100000	0,977066
877	100000	0,97663
878	100000	0,976473
879	100000	0,976614
880	100000	0,97673
881	100000	0,976886
882	100000	0,976309
883	100000	0,97659
884	100000	0,976612
885	100000	0,976656
886	100000	0,976764
887	100000	0,976575
888	100000	0,976705
889	100000	0,977289
890	100000	0,977099
891	100000	0,977151
892	100000	0,97725
893	100000	0,977068
894	100000	0,977726
895	100000	0,97786
896	100000	0,977682
897	100000	0,97798
898	100000	0,978181
899	100000	0,977723
900	100000	0,977705
901	100000	0,977511
902	100000	0,97779
903	100000	0,977846
904	100000	0,9774
905	100000	0,977176
906	100000	0,977666
907	100000	0,978315
908	100000	0,978146
909	100000	0,97794
910	100000	0,977677
911	100000	0,97768
912	100000	0,977818
913	100000	0,978112
914	100000	0,978278
915	100000	0,978329
916	100000	0,978359
917	100000	0,978832
918	100000	0,978391
919	100000	0,97857
920	100000	0,978453
921	100000	0,97907
922	100000	0,97884
923	100000	0,978793
924	100000	0,97863
925	100000	0,978901
926	100000	0,978712
927	100000	0,979259
928	100000	0,979517
929	100000	0,97921
930	100000	0,979345
931	100000	0,979598
932	100000	0,979556
933	100000	0,979633
934	100000	0,979689
935	100000	0,979534
936	100000	0,979727
937	100000	0,979992
938	100000	0,980306
939	100000	0,980207
940	100000	0,980772
941	100000	0,980686
942	100000	0,980359
943	100000	0,980328
944	100000	0,980184
945	100000	0,979753
946	100000	0,980252
947	100000	0,980276
948	100000	0,980411
949	100000	0,980681
950	100000	0,980955
951	100000	0,981011
952	100000	0,98086
953	100000	0,981549
954	100000	0,981783
955	100000	0,981687
956	100000	0,981662
957	100000	0,982012
958	100000	0,981931
959	100000	0,981604
960	100000	0,98149
961	100000	0,981096
962	100000	0,981393
963	100000	0,981635
964	100000	0,981689
965	100000	0,981511
966	100000	0,981248
967	100000	0,981236
968	100000	0,981188
969	100000	0,981744
970	100000	0,981809
971	100000	0,982195
972	100000	0,982541
973	100000	0,98263
974	100000	0,982663
975	100000	0,982874
976	100000	0,982671
977	100000	0,982935
978	100000	0,983011
979	100000	0,982509
980	100000	0,982385
981	100000	0,98221
982	100000	0,982352
983	100000	0,982511
984	100000	0,981781
985	100000	0,981893
986	100000	0,982007
987	100000	0,982133
988	100000	0,982478
989	100000	0,982277
990	100000	0,982868
991	100000	0,983234
992	100000	0,982883
993	100000	0,983379
994	100000	0,98285
995	100000	0,982868
996	100000	0,983247
997	100000	0,983028
998	100000	0,983299
999	100000	0,983803
1000	100000	0,983754
1001	100000	0,983652
1002	100000	0,983663
1003	100000	0,983476
1004	100000	0,98364
1005	100000	0,983255
1006	100000	0,983198
1007	100000	0,983081
1008	100000	0,983195
1009	100000	0,983063
1010	100000	0,98384
1011	100000	0,98321
1012	100000	0,982885
1013	100000	0,983367
1014	100000	0,983995
1015	100000	0,984197
1016	100000	0,984144
1017	100000	0,984097
1018	100000	0,984387
1019	100000	0,984188
1020	100000	0,984384
1021	100000	0,984557
1022	100000	0,984808
1023	100000	0,985339
1024	100000	0,985439
1025	100000	0,985121
1026	100000	0,984846
1027	100000	0,985132
1028	100000	0,985254
1029	100000	0,985324
1030	100000	0,985382
1031	100000	0,985703
1032	100000	0,985502
1033	100000	0,985631
1034	100000	0,985092
1035	100000	0,98514
1036	100000	0,985221
1037	100000	0,985286
1038	100000	0,985583
1039	100000	0,985658
1040	100000	0,9856
1041	100000	0,985858
1042	100000	0,986035
1043	100000	0,986146
1044	100000	0,986131
1045	100000	0,985826
1046	100000	0,986004
1047	100000	0,985675
1048	100000	0,985483
1049	100000	0,986194
1050	100000	0,986605
1051	100000	0,986727
1052	100000	0,986676
1053	100000	0,986893
1054	100000	0,986287
1055	100000	0,985444
1056	100000	0,985768
1057	100000	0,986106
1058	100000	0,986213
1059	100000	0,986149
1060	100000	0,986557
1061	100000	0,986623
1062	100000	0,987071
1063	100000	0,986572
1064	100000	0,986925
1065	100000	0,986821
1066	100000	0,986516
1067	100000	0,986883
1068	100000	0,987415
1069	100000	0,987074
1070	100000	0,98739
1071	100000	0,987798
1072	100000	0,987467
1073	100000	0,987672
1074	100000	0,987992
1075	100000	0,988084
1076	100000	0,988301
1077	100000	0,988266
1078	100000	0,988404
1079	100000	0,988234
1080	100000	0,988469
1081	100000	0,988088
1082	100000	0,988744
1083	100000	0,988439
1084	100000	0,988125
1085	100000	0,988115
1086	100000	0,988237
1087	100000	0,988344
1088	100000	0,988488
1089	100000	0,988223
1090	100000	0,988206
1091	100000	0,988851
1092	100000	0,98816
1093	100000	0,988137
1094	100000	0,988344
1095	100000	0,987912
1096	100000	0,988307
1097	100000	0,988377
1098	100000	0,988145
1099	100000	0,988282
1100	100000	0,98853
1101	100000	0,988576
1102	100000	0,988248
1103	100000	0,987692
1104	100000	0,988016
1105	100000	0,988007
1106	100000	0,988444
1107	100000	0,988565
1108	100000	0,988999
1109	100000	0,989228
1110	100000	0,989256
1111	100000	0,989202
1112	100000	0,989886
1113	100000	0,989638
1114	100000	0,989282
1115	100000	0,989376
1116	100000	0,989394
1117	100000	0,989527
1118	100000	0,98942
1119	100000	0,989334
1120	100000	0,989628
1121	100000	0,989567
1122	100000	0,989789
1123	100000	0,990086
1124	100000	0,990478
1125	100000	0,990292
1126	100000	0,990836
1127	100000	0,991327
1128	100000	0,991038
1129	100000	0,990741
1130	100000	0,990892
1131	100000	0,990689
1132	100000	0,990844
1133	100000	0,990707
1134	100000	0,990681
1135	100000	0,991398
1136	100000	0,990759
1137	100000	0,990878
1138	100000	0,990682
1139	100000	0,990996
1140	100000	0,99119
1141	100000	0,991344
1142	100000	0,991343
1143	100000	0,991615
1144	100000	0,991722
1145	100000	0,991709
1146	100000	0,991738
1147	100000	0,992191
1148	100000	0,992387
1149	100000	0,992491
1150	100000	0,992305
1151	100000	0,992647
1152	100000	0,992424
1153	100000	0,992352
1154	100000	0,991914
1155	100000	0,991736
1156	100000	0,991888
1157	100000	0,992138
1158	100000	0,992356
1159	100000	0,992342
1160	100000	0,992547
1161	100000	0,992877
1162	100000	0,993187
1163	100000	0,993052
1164	100000	0,993313
1165	100000	0,993127
1166	100000	0,992903
1167	100000	0,993439
1168	100000	0,992986
1169	100000	0,992941
1170	100000	0,992845
1171	100000	0,992583
1172	100000	0,993037
1173	100000	0,993306
1174	100000	0,993399
1175	100000	0,992994
1176	100000	0,992784
1177	100000	0,993143
1178	100000	0,99324
1179	100000	0,993164
1180	100000	0,993148
1181	100000	0,993215
1182	100000	0,994007
1183	100000	0,994003
1184	100000	0,993104
1185	100000	0,993428
1186	100000	0,993807
1187	100000	0,994118
1188	100000	0,993759
1189	100000	0,994191
1190	100000	0,994406
1191	100000	0,994127
1192	100000	0,994242
1193	100000	0,994581
1194	100000	0,994553
1195	100000	0,99505
1196	100000	0,995027
1197	100000	0,995235
1198	100000	0,994989
1199	100000	0,995033
1200	100000	0,995438
1201	100000	0,994893
1202	100000	0,995042
1203	100000	0,995168
1204	100000	0,99509
1205	100000	0,995159
1206	100000	0,995251
1207	100000	0,99508
1208	100000	0,995162
1209	100000	0,995576
1210	100000	0,99594
1211	100000	0,995742
1212	100000	0,995963
1213	100000	0,99594
1214	100000	0,996211
1215	100000	0,996051
1216	100000	0,996343
1217	100000	0,996839
1218	100000	0,996888
1219	100000	0,996764
1220	100000	0,996438
1221	100000	0,995935
1222	100000	0,996255
1223	100000	0,996388
1224	100000	0,996402
1225	100000	0,996972
1226	100000	0,997025
1227	100000	0,996935
1228	100000	0,996831
1229	100000	0,996854
1230	100000	0,996534
1231	100000	0,99674
1232	100000	0,99695
1233	100000	0,99694
1234	100000	0,996895
1235	100000	0,996317
1236	100000	0,996664
1237	100000	0,996733
1238	100000	0,996953
1239	100000	0,996663
1240	100000	0,996906
1241	100000	0,996456
1242	100000	0,996839
1243	100000	0,996907
1244	100000	0,996611
1245	100000	0,996666
1246	100000	0,99668
1247	100000	0,996877
1248	100000	0,996753
1249	100000	0,996952
1250	100000	0,996905
1251	100000	0,996741
1252	100000	0,997046
1253	100000	0,997139
1254	100000	0,997335
1255	100000	0,99739
1256	100000	0,997582
1257	100000	0,997788
1258	100000	0,997738
1259	100000	0,997634
1260	100000	0,997949
1261	100000	0,997863
1262	100000	0,99809
1263	100000	0,99805
1264	100000	0,998191
1265	100000	0,998667
1266	100000	0,99882
1267	100000	0,999015
1268	100000	0,99868
1269	100000	0,998439
1270	100000	0,998697
1271	100000	0,998962
1272	100000	0,998503
1273	100000	0,99859
1274	100000	0,999012
1275	100000	0,999446
1276	100000	0,999228
1277	100000	0,998827
1278	100000	0,999154
1279	100000	0,998953
1280	100000	0,99891
1281	100000	0,999247
1282	100000	0,999117
1283	100000	0,999631
1284	100000	0,999688
1285	100000	0,999468
1286	100000	0,999522
1287	100000	0,999539
1288	100000	0,999982
1289	100000	0,999969
1290	100000	0,999593
1291	100000	0,999346
1292	100000	0,998912
1293	100000	0,999588
1294	100000	0,999656
1295	100000	0,999931
1296	100000	0,999803
1297	100000	0,999879
1298	100000	0,999683
1299	100000	0,999863
1300	100000	1,000118
1301	100000	1,000229
1302	100000	1,000915
1303	100000	1,001027
1304	100000	1,000758
1305	100000	1,00104
1306	100000	1,001092
1307	100000	1,001235
1308	100000	1,001257
1309	100000	1,001383
1310	100000	1,001517
1311	100000	1,001257
1312	100000	1,001321
1313	100000	1,001834
1314	100000	1,001934
1315	100000	1,001552
1316	100000	1,002148
1317	100000	1,001888
1318	100000	1,002054
1319	100000	1,002421
1320	100000	1,00219
1321	100000	1,001548
1322	100000	1,001821
1323	100000	1,001928
1324	100000	1,002155
1325	100000	1,002451
1326	100000	1,002576
1327	100000	1,002636
1328	100000	1,003024
1329	100000	1,002752
1330	100000	1,003112
1331	100000	1,003029
1332	100000	1,002843
1333	100000	1,003199
1334	100000	1,003348
1335	100000	1,003766
1336	100000	1,00316
1337	100000	1,003394
1338	100000	1,003534
1339	100000	1,00348
1340	100000	1,003816
1341	100000	1,003471
1342	100000	1,003631
1343	100000	1,003731
1344	100000	1,003604
1345	100000	1,003678
1346	100000	1,003658
1347	100000	1,003872
1348	100000	1,003805
1349	100000	1,003986
1350	100000	1,003771
1351	100000	1,003762
1352	100000	1,003767
1353	100000	1,003453
1354	100000	1,003756
1355	100000	1,004322
1356	100000	1,004233
1357	100000	1,004175
1358	100000	1,003925
1359	100000	1,004537
1360	100000	1,004414
1361	100000	1,004007
1362	100000	1,004425
1363	100000	1,004552
1364	100000	1,004666
1365	100000	1,00462
1366	100000	1,004954
1367	100000	1,005397
1368	100000	1,005756
1369	100000	1,004882
1370	100000	1,004988
1371	100000	1,005031
1372	100000	1,00455
1373	100000	1,005023
1374	100000	1,005124
1375	100000	1,005225
1376	100000	1,005523
1377	100000	1,005305
1378	100000	1,005511
1379	100000	1,005824
1380	100000	1,00549
1381	100000	1,005748
1382	100000	1,005974
1383	100000	1,006004
1384	100000	1,006211
1385	100000	1,006151
1386	100000	1,005912
1387	100000	1,005752
1388	100000	1,005469
1389	100000	1,006008
1390	100000	1,005736
1391	100000	1,005828
1392	100000	1,005933
1393	100000	1,005966
1394	100000	1,006581
1395	100000	1,00638
1396	100000	1,006606
1397	100000	1,006319
1398	100000	1,006087
1399	100000	1,006624
1400	100000	1,00645
1401	100000	1,00599
1402	100000	1,006096
1403	100000	1,006794
1404	100000	1,006163
1405	100000	1,006718
1406	100000	1,006963
1407	100000	1,006833
1408	100000	1,007163
1409	100000	1,007679
1410	100000	1,007787
1411	100000	1,007632
1412	100000	1,007962
1413	100000	1,007701
1414	100000	1,007785
1415	100000	1,007778
1416	100000	1,007624
1417	100000	1,007515
1418	100000	1,007938
1419	100000	1,007846
1420	100000	1,007533
1421	100000	1,007433
1422	100000	1,007588
1423	100000	1,007222
1424	100000	1,007382
1425	100000	1,007192
1426	100000	1,006954
1427	100000	1,00733
1428	100000	1,007661
1429	100000	1,007528
1430	100000	1,007791
1431	100000	1,00817
1432	100000	1,00827
1433	100000	1,008356
1434	100000	1,008064
1435	100000	1,008133
1436	100000	1,008482
1437	100000	1,009074
1438	100000	1,009316
1439	100000	1,009001
1440	100000	1,008761
1441	100000	1,008528
1442	100000	1,008691
1443	100000	1,008363
1444	100000	1,008132
1445	100000	1,00862
1446	100000	1,008588
1447	100000	1,008948
1448	100000	1,009144
1449	100000	1,008883
1450	100000	1,009102
1451	100000	1,008999
1452	100000	1,009619
1453	100000	1,009857
1454	100000	1,010263
1455	100000	1,010134
1456	100000	1,010204
1457	100000	1,009541
1458	100000	1,009995
1459	100000	1,009699
1460	100000	1,009454
1461	100000	1,009908
1462	100000	1,010347
1463	100000	1,009973
1464	100000	1,009987
1465	100000	1,010099
1466	100000	1,009706
1467	100000	1,009673
1468	100000	1,010332
1469	100000	1,009902
1470	100000	1,010156
1471	100000	1,010276
1472	100000	1,010072
1473	100000	1,010165
1474	100000	1,010186
1475	100000	1,010411
1476	100000	1,010159
1477	100000	1,009544
1478	100000	1,010076
1479	100000	1,010158
1480	100000	1,009998
1481	100000	1,010457
1482	100000	1,010223
1483	100000	1,010299
1484	100000	1,010319
1485	100000	1,010474
1486	100000	1,010491
1487	100000	1,010904
1488	100000	1,010732
1489	100000	1,010755
1490	100000	1,011143
1491	100000	1,011394
1492	100000	1,011473
1493	100000	1,011092
1494	100000	1,011345
1495	100000	1,011438
1496	100000	1,011567
1497	100000	1,011876
1498	100000	1,011447
1499	100000	1,011383
1500	100000	1,011726
1501	100000	1,011973
1502	100000	1,011878
1503	100000	1,012394
1504	100000	1,011943
1505	100000	1,012263
1506	100000	1,012178
1507	100000	1,012032
1508	100000	1,011839
1509	100000	1,012058
1510	100000	1,011926
1511	100000	1,011606
1512	100000	1,011953
1513	100000	1,012385
1514	100000	1,012436
1515	100000	1,012484
1516	100000	1,012395
1517	100000	1,012402
1518	100000	1,012414
1519	100000	1,012055
1520	100000	1,012522
1521	100000	1,012063
1522	100000	1,012366
1523	100000	1,012298
1524	100000	1,012272
1525	100000	1,012647
1526	100000	1,012333
1527	100000	1,012268
1528	100000	1,012168
1529	100000	1,012181
1530	100000	1,012761
1531	100000	1,012817
1532	100000	1,012977
1533	100000	1,013114
1534	100000	1,012954
1535	100000	1,013003
1536	100000	1,01285
1537	100000	1,013086
1538	100000	1,013582
1539	100000	1,013501
1540	100000	1,013272
1541	100000	1,013649
1542	100000	1,013311
1543	100000	1,013271
1544	100000	1,013455
1545	100000	1,013388
1546	100000	1,012868
1547	100000	1,012385
1548	100000	1,012662
1549	100000	1,012344
1550	100000	1,012722
1551	100000	1,013594
1552	100000	1,01341
1553	100000	1,013518
1554	100000	1,013586
1555	100000	1,014184
1556	100000	1,013922
1557	100000	1,014055
1558	100000	1,013832
1559	100000	1,014047
1560	100000	1,014162
1561	100000	1,014168
1562	100000	1,014359
1563	100000	1,014153
1564	100000	1,014637
1565	100000	1,014122
1566	100000	1,014667
1567	100000	1,014768
1568	100000	1,015068
1569	100000	1,015074
1570	100000	1,015126
1571	100000	1,015465
1572	100000	1,015576
1573	100000	1,015465
1574	100000	1,015394
1575	100000	1,015431
1576	100000	1,015662
1577	100000	1,015222
1578	100000	1,015451
1579	100000	1,015322
1580	100000	1,015572
1581	100000	1,015358
1582	100000	1,015432
1583	100000	1,016027
1584	100000	1,016151
1585	100000	1,016438
1586	100000	1,01656
1587	100000	1,016348
1588	100000	1,016278
1589	100000	1,016715
1590	100000	1,016631
1591	100000	1,016173
1592	100000	1,015753
1593	100000	1,015881
1594	100000	1,01601
1595	100000	1,016543
1596	100000	1,016607
1597	100000	1,016199
1598	100000	1,01645
1599	100000	1,016572
1600	100000	1,015955
1601	100000	1,016578
1602	100000	1,016565
1603	100000	1,016123
1604	100000	1,016226
1605	100000	1,016372
1606	100000	1,016235
1607	100000	1,016459
1608	100000	1,017124
1609	100000	1,016998
1610	100000	1,017174
1611	100000	1,017514
1612	100000	1,01744
1613	100000	1,017143
1614	100000	1,017351
1615	100000	1,017318
1616	100000	1,017232
1617	100000	1,017152
1618	100000	1,017215
1619	100000	1,017336
1620	100000	1,017251
1621	100000	1,017828
1622	100000	1,018039
1623	100000	1,01752
1624	100000	1,017936
1625	100000	1,018055
1626	100000	1,017474
1627	100000	1,017854
1628	100000	1,017705
1629	100000	1,017613
1630	100000	1,017888
1631	100000	1,017509
1632	100000	1,017626
1633	100000	1,017496
1634	100000	1,017919
1635	100000	1,017983
1636	100000	1,017816
1637	100000	1,01807
1638	100000	1,018367
1639	100000	1,018185
1640	100000	1,017855
1641	100000	1,017826
1642	100000	1,017564
1643	100000	1,017773
1644	100000	1,018404
1645	100000	1,018643
1646	100000	1,01846
1647	100000	1,018475
1648	100000	1,017992
1649	100000	1,017721
1650	100000	1,018177
1651	100000	1,017895
1652	100000	1,018064
1653	100000	1,017979
1654	100000	1,018305
1655	100000	1,018621
1656	100000	1,019425
1657	100000	1,019057
1658	100000	1,019068
1659	100000	1,01953
1660	100000	1,019215
1661	100000	1,01914
1662	100000	1,019395
1663	100000	1,019656
1664	100000	1,019521
1665	100000	1,018582
1666	100000	1,0192
1667	100000	1,019386
1668	100000	1,019754
1669	100000	1,020235
1670	100000	1,019665
1671	100000	1,019795
1672	100000	1,020187
1673	100000	1,019767
1674	100000	1,019798
1675	100000	1,019913
1676	100000	1,020009
1677	100000	1,019386
1678	100000	1,019634
1679	100000	1,01987
1680	100000	1,020301
1681	100000	1,020248
1682	100000	1,020434
1683	100000	1,020466
1684	100000	1,020465
1685	100000	1,020993
1686	100000	1,021313
1687	100000	1,021257
1688	100000	1,021641
1689	100000	1,021498
1690	100000	1,021856
1691	100000	1,02185
1692	100000	1,021729
1693	100000	1,022034
1694	100000	1,022229
1695	100000	1,021902
1696	100000	1,022158
1697	100000	1,022023
1698	100000	1,021948
1699	100000	1,021343
1700	100000	1,021374
1701	100000	1,021093
1702	100000	1,021484
1703	100000	1,02165
1704	100000	1,021525
1705	100000	1,021829
1706	100000	1,021579
1707	100000	1,021694
1708	100000	1,02212
1709	100000	1,022001
1710	100000	1,021664
1711	100000	1,021395
1712	100000	1,021845
1713	100000	1,021785
1714	100000	1,022248
1715	100000	1,022365
1716	100000	1,021944
1717	100000	1,022449
1718	100000	1,022149
1719	100000	1,022311
1720	100000	1,022132
1721	100000	1,021898
1722	100000	1,022015
1723	100000	1,022101
1724	100000	1,022069
1725	100000	1,022361
1726	100000	1,022842
1727	100000	1,022811
1728	100000	1,023014
1729	100000	1,022985
1730	100000	1,02268
1731	100000	1,022883
1732	100000	1,02271
1733	100000	1,022287
1734	100000	1,021756
1735	100000	1,021729
1736	100000	1,021971
1737	100000	1,022112
1738	100000	1,022235
1739	100000	1,022553
1740	100000	1,022989
1741	100000	1,023203
1742	100000	1,02329
1743	100000	1,023133
1744	100000	1,02258
1745	100000	1,022545
1746	100000	1,022916
1747	100000	1,022849
1748	100000	1,022833
1749	100000	1,023198
1750	100000	1,02348
1751	100000	1,023966
1752	100000	1,023669
1753	100000	1,023387
1754	100000	1,023563
1755	100000	1,023687
1756	100000	1,024658
1757	100000	1,024133
1758	100000	1,024334
1759	100000	1,024385
1760	100000	1,024751
1761	100000	1,024458
1762	100000	1,024498
1763	100000	1,02428
1764	100000	1,024617
1765	100000	1,024502
1766	100000	1,024952
1767	100000	1,025134
1768	100000	1,02525
1769	100000	1,025414
1770	100000	1,025378
1771	100000	1,025204
1772	100000	1,025466
1773	100000	1,02487
1774	100000	1,025074
1775	100000	1,024851
1776	100000	1,024953
1777	100000	1,024928
1778	100000	1,025148
1779	100000	1,025103
1780	100000	1,025358
1781	100000	1,025757
1782	100000	1,025814
1783	100000	1,025652
1784	100000	1,025619
1785	100000	1,025438
1786	100000	1,025424
1787	100000	1,025663
1788	100000	1,025901
1789	100000	1,025942
1790	100000	1,026158
1791	100000	1,02593
1792	100000	1,025921
1793	100000	1,02611
1794	100000	1,026883
1795	100000	1,026793
1796	100000	1,026838
1797	100000	1,027088
1798	100000	1,027027
1799	100000	1,027149
1800	100000	1,02729
1801	100000	1,027668
1802	100000	1,027739
1803	100000	1,02752
1804	100000	1,027408
1805	100000	1,027379
1806	100000	1,027309
1807	100000	1,026826
1808	100000	1,027059
1809	100000	1,027145
1810	100000	1,027445
1811	100000	1,027707
1812	100000	1,028018
1813	100000	1,027706
1814	100000	1,027996
1815	100000	1,028247
1816	100000	1,0286
1817	100000	1,028974
1818	100000	1,028885
1819	100000	1,028738
1820	100000	1,027901
1821	100000	1,028094
1822	100000	1,027467
1823	100000	1,027978
1824	100000	1,028016
1825	100000	1,027922
1826	100000	1,028719
1827	100000	1,028983
1828	100000	1,028583
1829	100000	1,028557
1830	100000	1,028974
1831	100000	1,029026
1832	100000	1,029098
1833	100000	1,028737
1834	100000	1,028783
1835	100000	1,029054
1836	100000	1,029089
1837	100000	1,028881
1838	100000	1,028994
1839	100000	1,029115
1840	100000	1,028961
1841	100000	1,02949
1842	100000	1,029449
1843	100000	1,030107
1844	100000	1,030186
1845	100000	1,030272
1846	100000	1,029873
1847	100000	1,029891
1848	100000	1,029781
1849	100000	1,030279
1850	100000	1,030019
1851	100000	1,030119
1852	100000	1,030131
1853	100000	1,030318
1854	100000	1,030694
1855	100000	1,031059
1856	100000	1,030525
1857	100000	1,030661
1858	100000	1,030765
1859	100000	1,030797
1860	100000	1,031652
1861	100000	1,031312
1862	100000	1,031858
1863	100000	1,031665
1864	100000	1,031147
1865	100000	1,030581
1866	100000	1,030631
1867	100000	1,030995
1868	100000	1,031146
1869	100000	1,031102
1870	100000	1,031529
1871	100000	1,031442
1872	100000	1,03148
1873	100000	1,031148
1874	100000	1,030899
1875	100000	1,031077
1876	100000	1,030688
1877	100000	1,031201
1878	100000	1,031653
1879	100000	1,031935
1880	100000	1,031421
1881	100000	1,03125
1882	100000	1,03172
1883	100000	1,032126
1884	100000	1,031628
1885	100000	1,032078
1886	100000	1,03205
1887	100000	1,03191
1888	100000	1,031942
1889	100000	1,032093
1890	100000	1,032204
1891	100000	1,031511
1892	100000	1,03159
1893	100000	1,0317
1894	100000	1,03191
1895	100000	1,032082
1896	100000	1,032072
1897	100000	1,032601
1898	100000	1,032756
1899	100000	1,032527
1900	100000	1,032551
1901	100000	1,032469
1902	100000	1,032327
1903	100000	1,032713
1904	100000	1,033158
1905	100000	1,032793
1906	100000	1,032606
1907	100000	1,033096
1908	100000	1,033493
1909	100000	1,03363
1910	100000	1,033534
1911	100000	1,033557
1912	100000	1,033703
1913	100000	1,033722
1914	100000	1,033902
1915	100000	1,033886
1916	100000	1,033958
1917	100000	1,033555
1918	100000	1,033782
1919	100000	1,033707
1920	100000	1,033249
1921	100000	1,033284
1922	100000	1,033614
1923	100000	1,033609
1924	100000	1,033526
1925	100000	1,033615
1926	100000	1,034193
1927	100000	1,03497
1928	100000	1,034797
1929	100000	1,035127
1930	100000	1,035056
1931	100000	1,035451
1932	100000	1,034558
1933	100000	1,034639
1934	100000	1,033918
1935	100000	1,03371
1936	100000	1,034328
1937	100000	1,034565
1938	100000	1,034665
1939	100000	1,034745
1940	100000	1,034706
1941	100000	1,034415
1942	100000	1,034146
1943	100000	1,034028
1944	100000	1,034186
1945	100000	1,034455
1946	100000	1,034692
1947	100000	1,034944
1948	100000	1,034562
1949	100000	1,034529
1950	100000	1,03474
1951	100000	1,035104
1952	100000	1,035431
1953	100000	1,03547
1954	100000	1,035552
1955	100000	1,035471
1956	100000	1,035304
1957	100000	1,035147
1958	100000	1,035389
1959	100000	1,034826
1960	100000	1,035153
1961	100000	1,035103
1962	100000	1,035643
1963	100000	1,035584
1964	100000	1,03558
1965	100000	1,035518
1966	100000	1,036112
1967	100000	1,035858
1968	100000	1,035864
1969	100000	1,035591
1970	100000	1,03519
1971	100000	1,035396
1972	100000	1,035384
1973	100000	1,035396
1974	100000	1,035616
1975	100000	1,035252
1976	100000	1,035966
1977	100000	1,036312
1978	100000	1,036188
1979	100000	1,036493
1980	100000	1,036209
1981	100000	1,036652
1982	100000	1,036985
1983	100000	1,037081
1984	100000	1,037097
1985	100000	1,037304
1986	100000	1,03686
1987	100000	1,037155
1988	100000	1,03706
1989	100000	1,036891
1990	100000	1,036927
1991	100000	1,03694
1992	100000	1,037298
1993	100000	1,037552
1994	100000	1,037706
1995	100000	1,037726
1996	100000	1,037307
1997	100000	1,037281
1998	100000	1,037403
1999	100000	1,037097
2000	100000	1,037403
2001	100000	1,037142
2002	100000	1,037228
2003	100000	1,036398
2004	100000	1,036917
2005	100000	1,036881
2006	100000	1,03697
2007	100000	1,037158
2008	100000	1,037829
2009	100000	1,038327
2010	100000	1,03825
2011	100000	1,037768
2012	100000	1,038112
2013	100000	1,037857
2014	100000	1,037813
2015	100000	1,037707
2016	100000	1,037515
2017	100000	1,037705
2018	100000	1,037803
2019	100000	1,037756
2020	100000	1,037741
2021	100000	1,038007
2022	100000	1,037916
2023	100000	1,037505
2024	100000	1,037563
2025	100000	1,03747
2026	100000	1,037147
2027	100000	1,037619
2028	100000	1,038258
2029	100000	1,038196
2030	100000	1,038108
2031	100000	1,038476
2032	100000	1,038043
2033	100000	1,038251
2034	100000	1,038563
2035	100000	1,038454
2036	100000	1,038549
2037	100000	1,038344
2038	100000	1,038582
2039	100000	1,038632
2040	100000	1,038128
2041	100000	1,038196
2042	100000	1,037817
2043	100000	1,037709
2044	100000	1,03805
2045	100000	1,038735
2046	100000	1,038703
2047	100000	1,03878
2048	100000	1,038568
2049	100000	1,039108
2050	100000	1,039173
2051	100000	1,038272
2052	100000	1,038358
2053	100000	1,038291
2054	100000	1,038817
2055	100000	1,038674
2056	100000	1,039119
2057	100000	1,039399
2058	100000	1,039334
2059	100000	1,039608
2060	100000	1,040203
2061	100000	1,039853
2062	100000	1,039892
2063	100000	1,039998
2064	100000	1,040019
2065	100000	1,040458
2066	100000	1,040123
2067	100000	1,040042
2068	100000	1,039807
2069	100000	1,040023
2070	100000	1,040322
2071	100000	1,040413
2072	100000	1,040779
2073	100000	1,040609
2074	100000	1,040834
2075	100000	1,040458
2076	100000	1,040514
2077	100000	1,040401
2078	100000	1,040601
2079	100000	1,040592
2080	100000	1,040857
2081	100000	1,040501
2082	100000	1,040432
2083	100000	1,040232
2084	100000	1,040415
2085	100000	1,039863
2086	100000	1,040379
2087	100000	1,040738
2088	100000	1,040135
2089	100000	1,040446
2090	100000	1,040818
2091	100000	1,040956
2092	100000	1,040755
2093	100000	1,040834
2094	100000	1,041415
2095	100000	1,041159
2096	100000	1,041385
2097	100000	1,04093
2098	100000	1,04134
2099	100000	1,041444
2100	100000	1,041165
2101	100000	1,041119
2102	100000	1,041709
2103	100000	1,041318
2104	100000	1,041937
2105	100000	1,041513
2106	100000	1,041437
2107	100000	1,041259
2108	100000	1,041267
2109	100000	1,041873
2110	100000	1,041797
2111	100000	1,041925
2112	100000	1,042392
2113	100000	1,04254
2114	100000	1,042579
2115	100000	1,042331
2116	100000	1,042442
2117	100000	1,04268
2118	100000	1,042141
2119	100000	1,04252
2120	100000	1,042478
2121	100000	1,042531
2122	100000	1,042422
2123	100000	1,04246
2124	100000	1,042623
2125	100000	1,042439
2126	100000	1,042387
2127	100000	1,042229
2128	100000	1,042458
2129	100000	1,043144
2130	100000	1,043223
2131	100000	1,042624
2132	100000	1,04264
2133	100000	1,04268
2134	100000	1,042808
2135	100000	1,042817
2136	100000	1,043378
2137	100000	1,043332
2138	100000	1,043651
2139	100000	1,042981
2140	100000	1,043426
2141	100000	1,043776
2142	100000	1,043873
2143	100000	1,044111
2144	100000	1,044121
2145	100000	1,043942
2146	100000	1,043544
2147	100000	1,043787
2148	100000	1,04391
2149	100000	1,043604
2150	100000	1,043778
2151	100000	1,043948
2152	100000	1,043778
2153	100000	1,043591
2154	100000	1,043756
2155	100000	1,043658
2156	100000	1,04301
2157	100000	1,043231
2158	100000	1,043318
2159	100000	1,043336
2160	100000	1,043724
2161	100000	1,043893
2162	100000	1,043965
2163	100000	1,04416
2164	100000	1,044024
2165	100000	1,044015
2166	100000	1,043751
2167	100000	1,043855
2168	100000	1,044159
2169	100000	1,044245
2170	100000	1,044374
2171	100000	1,044543
2172	100000	1,044491
2173	100000	1,044167
2174	100000	1,044541
2175	100000	1,044472
2176	100000	1,044251
2177	100000	1,044834
2178	100000	1,044561
2179	100000	1,044577
2180	100000	1,044519
2181	100000	1,044704
2182	100000	1,044782
2183	100000	1,04458
2184	100000	1,044532
2185	100000	1,044759
2186	100000	1,044915
2187	100000	1,044777
2188	100000	1,044668
2189	100000	1,04459
2190	100000	1,04454
2191	100000	1,044484
2192	100000	1,045056
2193	100000	1,04523
2194	100000	1,045017
2195	100000	1,045218
2196	100000	1,044994
2197	100000	1,045203
2198	100000	1,04538
2199	100000	1,045187
2200	100000	1,045754
2201	100000	1,045611
2202	100000	1,045307
2203	100000	1,045513
2204	100000	1,045558
2205	100000	1,045486
2206	100000	1,045687
2207	100000	1,045508
2208	100000	1,045086
2209	100000	1,045368
2210	100000	1,045448
2211	100000	1,045785
2212	100000	1,046138
2213	100000	1,046047
2214	100000	1,04594
2215	100000	1,045779
2216	100000	1,045647
2217	100000	1,046026
2218	100000	1,046314
2219	100000	1,046602
2220	100000	1,046304
2221	100000	1,046643
2222	100000	1,046771
2223	100000	1,047174
2224	100000	1,047101
2225	100000	1,047147
2226	100000	1,047246
2227	100000	1,047183
2228	100000	1,046725
2229	100000	1,046904
2230	100000	1,046705
2231	100000	1,046725
2232	100000	1,047136
2233	100000	1,046767
2234	100000	1,047317
2235	100000	1,04747
2236	100000	1,046682
2237	100000	1,046976
2238	100000	1,047073
2239	100000	1,047305
2240	100000	1,047403
2241	100000	1,047377
2242	100000	1,047121
2243	100000	1,047229
2244	100000	1,047397
2245	100000	1,047633
2246	100000	1,047998
2247	100000	1,047944
2248	100000	1,048154
2249	100000	1,047922
2250	100000	1,048093
2251	100000	1,048612
2252	100000	1,048506
2253	100000	1,048751
2254	100000	1,048151
2255	100000	1,048144
2256	100000	1,048205
2257	100000	1,048301
2258	100000	1,048668
2259	100000	1,04872
2260	100000	1,048496
2261	100000	1,04871
2262	100000	1,048678
2263	100000	1,048899
2264	100000	1,049219
2265	100000	1,049299
2266	100000	1,049385
2267	100000	1,048834
2268	100000	1,048878
2269	100000	1,048224
2270	100000	1,048625
2271	100000	1,048759
2272	100000	1,048909
2273	100000	1,048524
2274	100000	1,048517
2275	100000	1,049038
2276	100000	1,049322
2277	100000	1,049509
2278	100000	1,049566
2279	100000	1,049735
2280	100000	1,049705
2281	100000	1,049653
2282	100000	1,049311
2283	100000	1,049139
2284	100000	1,049326
2285	100000	1,049354
2286	100000	1,049284
2287	100000	1,049205
2288	100000	1,04941
2289	100000	1,049377
2290	100000	1,04951
2291	100000	1,049263
2292	100000	1,049617
2293	100000	1,049549
2294	100000	1,049464
2295	100000	1,049456
2296	100000	1,049488
2297	100000	1,049646
2298	100000	1,049287
2299	100000	1,049509
2300	100000	1,0496
2301	100000	1,049658
2302	100000	1,049833
2303	100000	1,049427
2304	100000	1,04916
2305	100000	1,049668
2306	100000	1,050006
2307	100000	1,049429
2308	100000	1,050222
2309	100000	1,050441
2310	100000	1,050293
2311	100000	1,050234
2312	100000	1,050236
2313	100000	1,050466
2314	100000	1,050262
2315	100000	1,05018
2316	100000	1,049941
2317	100000	1,050301
2318	100000	1,050719
2319	100000	1,050466
2320	100000	1,050517
2321	100000	1,05083
2322	100000	1,050322
2323	100000	1,050786
2324	100000	1,051137
2325	100000	1,050979
2326	100000	1,051784
2327	100000	1,051483
2328	100000	1,051733
2329	100000	1,051386
2330	100000	1,052007
2331	100000	1,05163
2332	100000	1,051338
2333	100000	1,050442
2334	100000	1,050916
2335	100000	1,050769
2336	100000	1,051193
2337	100000	1,051993
2338	100000	1,051961
2339	100000	1,052068
2340	100000	1,052183
2341	100000	1,051602
2342	100000	1,051262
2343	100000	1,051115
2344	100000	1,051444
2345	100000	1,051659
2346	100000	1,051487
2347	100000	1,051782
2348	100000	1,051807
2349	100000	1,052477
2350	100000	1,052308
2351	100000	1,052269
2352	100000	1,05241
2353	100000	1,052402
2354	100000	1,052671
2355	100000	1,052965
2356	100000	1,053099
2357	100000	1,052913
2358	100000	1,053043
2359	100000	1,052651
2360	100000	1,052389
2361	100000	1,052177
2362	100000	1,052211
2363	100000	1,052378
2364	100000	1,052558
2365	100000	1,05328
2366	100000	1,053502
2367	100000	1,053413
2368	100000	1,053095
2369	100000	1,052557
2370	100000	1,052575
2371	100000	1,053024
2372	100000	1,053088
2373	100000	1,053315
2374	100000	1,053416
2375	100000	1,053859
2376	100000	1,05395
2377	100000	1,053608
2378	100000	1,054222
2379	100000	1,054349
2380	100000	1,053872
2381	100000	1,053497
2382	100000	1,053673
2383	100000	1,053715
2384	100000	1,054159
2385	100000	1,054248
2386	100000	1,053953
2387	100000	1,054562
2388	100000	1,054081
2389	100000	1,054761
2390	100000	1,054734
2391	100000	1,054482
2392	100000	1,054297
2393	100000	1,054105
2394	100000	1,054286
2395	100000	1,054738
2396	100000	1,05486
2397	100000	1,054779
2398	100000	1,054329
2399	100000	1,053801
2400	100000	1,054354
2401	100000	1,054462
2402	100000	1,054199
2403	100000	1,054181
2404	100000	1,054113
2405	100000	1,054584
2406	100000	1,054892
2407	100000	1,054683
2408	100000	1,054641
2409	100000	1,054662
2410	100000	1,054743
2411	100000	1,054973
2412	100000	1,054431
2413	100000	1,054987
2414	100000	1,055319
2415	100000	1,055508
2416	100000	1,054844
2417	100000	1,054843
2418	100000	1,054548
2419	100000	1,054877
2420	100000	1,054873
2421	100000	1,054853
2422	100000	1,054451
2423	100000	1,054508
2424	100000	1,054768
2425	100000	1,055071
2426	100000	1,054997
2427	100000	1,055033
2428	100000	1,055164
2429	100000	1,055331
2430	100000	1,055377
2431	100000	1,055079
2432	100000	1,055536
2433	100000	1,055291
2434	100000	1,054946
2435	100000	1,054678
2436	100000	1,054792
2437	100000	1,055102
2438	100000	1,055126
2439	100000	1,055207
2440	100000	1,055827
2441	100000	1,055962
2442	100000	1,055906
2443	100000	1,055711
2444	100000	1,056202
2445	100000	1,05682
2446	100000	1,057139
2447	100000	1,055983
2448	100000	1,055587
2449	100000	1,055683
2450	100000	1,056209
2451	100000	1,056473
2452	100000	1,056403
2453	100000	1,056868
2454	100000	1,057008
2455	100000	1,056758
2456	100000	1,057485
2457	100000	1,057481
2458	100000	1,057281
2459	100000	1,056984
2460	100000	1,057086
2461	100000	1,056556
2462	100000	1,056405
2463	100000	1,056892
2464	100000	1,057509
2465	100000	1,05741
2466	100000	1,056508
2467	100000	1,056629
2468	100000	1,05667
2469	100000	1,056787
2470	100000	1,057202
2471	100000	1,057174
2472	100000	1,057496
2473	100000	1,057537
2474	100000	1,057598
2475	100000	1,057564
2476	100000	1,057137
2477	100000	1,057346
2478	100000	1,057542
2479	100000	1,057919
2480	100000	1,057936
2481	100000	1,058154
2482	100000	1,058467
2483	100000	1,057996
2484	100000	1,057961
2485	100000	1,058322
2486	100000	1,058315
2487	100000	1,058342
2488	100000	1,058488
2489	100000	1,058209
2490	100000	1,058074
2491	100000	1,058093
2492	100000	1,057696
2493	100000	1,057586
2494	100000	1,057599
2495	100000	1,057956
2496	100000	1,058017
2497	100000	1,057908
2498	100000	1,057724
2499	100000	1,058118
2500	100000	1,057864
2501	100000	1,058225
2502	100000	1,057989
2503	100000	1,058401
2504	100000	1,058385
2505	100000	1,05844
2506	100000	1,058398
2507	100000	1,058634
2508	100000	1,058404
2509	100000	1,058404
2510	100000	1,058715
2511	100000	1,058783
2512	100000	1,059196
2513	100000	1,059011
2514	100000	1,059134
2515	100000	1,059597
2516	100000	1,059506
2517	100000	1,05883
2518	100000	1,059397
2519	100000	1,059485
2520	100000	1,059755
2521	100000	1,059756
2522	100000	1,059835
2523	100000	1,059871
2524	100000	1,060436
2525	100000	1,059827
2526	100000	1,05988
2527	100000	1,059833
2528	100000	1,060123
2529	100000	1,059967
2530	100000	1,059529
2531	100000	1,059749
2532	100000	1,059506
2533	100000	1,059785
2534	100000	1,059402
2535	100000	1,059778
2536	100000	1,060231
2537	100000	1,060474
2538	100000	1,059791
2539	100000	1,059635
2540	100000	1,059405
2541	100000	1,059771
2542	100000	1,060124
2543	100000	1,060379
2544	100000	1,060118
2545	100000	1,060461
2546	100000	1,060713
2547	100000	1,060921
2548	100000	1,060791
2549	100000	1,060958
2550	100000	1,060511
2551	100000	1,060521
2552	100000	1,060868
2553	100000	1,060446
2554	100000	1,060826
2555	100000	1,060458
2556	100000	1,060491
2557	100000	1,060827
2558	100000	1,060939
2559	100000	1,060376
2560	100000	1,060422
2561	100000	1,060397
2562	100000	1,060698
2563	100000	1,060581
2564	100000	1,060589
2565	100000	1,06066
2566	100000	1,060651
2567	100000	1,060841
2568	100000	1,060485
2569	100000	1,061288
2570	100000	1,061227
2571	100000	1,061137
2572	100000	1,060914
2573	100000	1,061198
2574	100000	1,061304
2575	100000	1,061181
2576	100000	1,061761
2577	100000	1,062172
2578	100000	1,061914
2579	100000	1,06199
2580	100000	1,061802
2581	100000	1,061656
2582	100000	1,061855
2583	100000	1,06186
2584	100000	1,06153
2585	100000	1,061389
2586	100000	1,061535
2587	100000	1,061892
2588	100000	1,062177
2589	100000	1,062784
2590	100000	1,062198
2591	100000	1,062486
2592	100000	1,062386
2593	100000	1,062374
2594	100000	1,062239
2595	100000	1,06253
2596	100000	1,06234
2597	100000	1,062303
2598	100000	1,062415
2599	100000	1,062594
2600	100000	1,062734
2601	100000	1,063201
2602	100000	1,063365
2603	100000	1,063119
2604	100000	1,063279
2605	100000	1,063083
2606	100000	1,063303
2607	100000	1,063512
2608	100000	1,063739
2609	100000	1,063931
2610	100000	1,063721
2611	100000	1,063765
2612	100000	1,063659
2613	100000	1,063414
2614	100000	1,063476
2615	100000	1,063759
2616	100000	1,063471
2617	100000	1,063729
2618	100000	1,063875
2619	100000	1,063962
2620	100000	1,064385
2621	100000	1,064005
2622	100000	1,064254
2623	100000	1,064174
2624	100000	1,064274
2625	100000	1,064422
2626	100000	1,064238
2627	100000	1,06524
2628	100000	1,06467
2629	100000	1,064215
2630	100000	1,064467
2631	100000	1,064349
2632	100000	1,064264
2633	100000	1,06404
2634	100000	1,064689
2635	100000	1,065007
2636	100000	1,0648
2637	100000	1,065304
2638	100000	1,065709
2639	100000	1,065826
2640	100000	1,065772
2641	100000	1,065947
2642	100000	1,065054
2643	100000	1,065124
2644	100000	1,065611
2645	100000	1,064922
2646	100000	1,065238
2647	100000	1,065312
2648	100000	1,065312
2649	100000	1,065361
2650	100000	1,065615
2651	100000	1,066042
2652	100000	1,065914
2653	100000	1,065851
2654	100000	1,066215
2655	100000	1,06635
2656	100000	1,066719
2657	100000	1,066321
2658	100000	1,066456
2659	100000	1,066324
2660	100000	1,066827
2661	100000	1,067023
2662	100000	1,067011
2663	100000	1,067037
2664	100000	1,06748
2665	100000	1,067759
2666	100000	1,067656
2667	100000	1,067884
2668	100000	1,068136
2669	100000	1,067529
2670	100000	1,067634
2671	100000	1,06761
2672	100000	1,068009
2673	100000	1,068129
2674	100000	1,068039
2675	100000	1,067892
2676	100000	1,067618
2677	100000	1,067875
2678	100000	1,067562
2679	100000	1,067308
2680	100000	1,067695
2681	100000	1,067144
2682	100000	1,067592
2683	100000	1,06733
2684	100000	1,067971
2685	100000	1,068416
2686	100000	1,068072
2687	100000	1,068331
2688	100000	1,068321
2689	100000	1,068173
2690	100000	1,068712
2691	100000	1,068358
2692	100000	1,068335
2693	100000	1,068346
2694	100000	1,068933
2695	100000	1,068643
2696	100000	1,069012
2697	100000	1,068716
2698	100000	1,06852
2699	100000	1,068784
2700	100000	1,06907
2701	100000	1,068353
2702	100000	1,068261
2703	100000	1,068684
2704	100000	1,068407
2705	100000	1,067885
2706	100000	1,068117
2707	100000	1,068934
2708	100000	1,068324
2709	100000	1,068802
2710	100000	1,069143
2711	100000	1,069032
2712	100000	1,069076
2713	100000	1,06888
2714	100000	1,068997
2715	100000	1,069322
2716	100000	1,069326
2717	100000	1,068671
2718	100000	1,068771
2719	100000	1,068787
2720	100000	1,068583
2721	100000	1,068766
2722	100000	1,069067
2723	100000	1,068877
2724	100000	1,069468
2725	100000	1,06925
2726	100000	1,06927
2727	100000	1,069491
2728	100000	1,069066
2729	100000	1,069237
2730	100000	1,069536
2731	100000	1,069432
2732	100000	1,069506
2733	100000	1,069298
2734	100000	1,069856
2735	100000	1,069833
2736	100000	1,069797
2737	100000	1,070182
2738	100000	1,069926
2739	100000	1,070326
2740	100000	1,070482
2741	100000	1,070159
2742	100000	1,07038
2743	100000	1,070187
2744	100000	1,070385
2745	100000	1,070702
2746	100000	1,070397
2747	100000	1,070785
2748	100000	1,070596
2749	100000	1,070523
2750	100000	1,071084
2751	100000	1,071194
2752	100000	1,071012
2753	100000	1,07088
2754	100000	1,070867
2755	100000	1,070802
2756	100000	1,071534
2757	100000	1,071294
2758	100000	1,071253
2759	100000	1,071119
2760	100000	1,070545
2761	100000	1,070481
2762	100000	1,070657
2763	100000	1,071031
2764	100000	1,070985
2765	100000	1,071189
2766	100000	1,07151
2767	100000	1,071569
2768	100000	1,071915
2769	100000	1,071393
2770	100000	1,072175
2771	100000	1,072057
2772	100000	1,072443
2773	100000	1,072513
2774	100000	1,072677
2775	100000	1,072235
2776	100000	1,072356
2777	100000	1,07219
2778	100000	1,072442
2779	100000	1,072553
2780	100000	1,072095
2781	100000	1,072773
2782	100000	1,072418
2783	100000	1,072731
2784	100000	1,072407
2785	100000	1,07235
2786	100000	1,072306
2787	100000	1,073062
2788	100000	1,07288
2789	100000	1,072675
2790	100000	1,073211
2791	100000	1,073125
2792	100000	1,073163
2793	100000	1,073207
2794	100000	1,073294
2795	100000	1,07266
2796	100000	1,07336
2797	100000	1,073429
2798	100000	1,072911
2799	100000	1,072897
2800	100000	1,072408
2801	100000	1,072631
2802	100000	1,07231
2803	100000	1,072547
2804	100000	1,072566
2805	100000	1,073125
2806	100000	1,073692
2807	100000	1,073812
2808	100000	1,073842
2809	100000	1,073807
2810	100000	1,073742
2811	100000	1,073852
2812	100000	1,07423
2813	100000	1,074126
2814	100000	1,074404
2815	100000	1,07438
2816	100000	1,074098
2817	100000	1,074291
2818	100000	1,073759
2819	100000	1,074071
2820	100000	1,074373
2821	100000	1,074038
2822	100000	1,074019
2823	100000	1,074293
2824	100000	1,073876
2825	100000	1,074251
2826	100000	1,074548
2827	100000	1,073939
2828	100000	1,074324
2829	100000	1,074017
2830	100000	1,074651
2831	100000	1,073857
2832	100000	1,074328
2833	100000	1,074276
2834	100000	1,073963
2835	100000	1,074477
2836	100000	1,074292
2837	100000	1,074494
2838	100000	1,074804
2839	100000	1,074885
2840	100000	1,075158
2841	100000	1,075173
2842	100000	1,075178
2843	100000	1,075253
2844	100000	1,074958
2845	100000	1,075434
2846	100000	1,07541
2847	100000	1,075769
2848	100000	1,075476
2849	100000	1,075371
2850	100000	1,075751
2851	100000	1,075778
2852	100000	1,075407
2853	100000	1,075493
2854	100000	1,075924
2855	100000	1,076377
2856	100000	1,076178
2857	100000	1,07675
2858	100000	1,076517
2859	100000	1,076156
2860	100000	1,076029
2861	100000	1,076455
2862	100000	1,076663
2863	100000	1,076168
2864	100000	1,076087
2865	100000	1,076356
2866	100000	1,076752
2867	100000	1,076933
2868	100000	1,076748
2869	100000	1,076991
2870	100000	1,076864
2871	100000	1,076868
2872	100000	1,076801
2873	100000	1,076989
2874	100000	1,07728
2875	100000	1,07779
2876	100000	1,077769
2877	100000	1,077429
2878	100000	1,077244
2879	100000	1,076772
2880	100000	1,077588
2881	100000	1,077491
2882	100000	1,077203
2883	100000	1,077686
2884	100000	1,077842
2885	100000	1,077151
2886	100000	1,077101
2887	100000	1,077127
2888	100000	1,077739
2889	100000	1,077828
2890	100000	1,077671
2891	100000	1,078101
2892	100000	1,07825
2893	100000	1,07796
2894	100000	1,078139
2895	100000	1,078011
2896	100000	1,078391
2897	100000	1,078535
2898	100000	1,077305
2899	100000	1,077693
2900	100000	1,077875
2901	100000	1,077944
2902	100000	1,07832
2903	100000	1,078318
2904	100000	1,078086
2905	100000	1,078157
2906	100000	1,078243
2907	100000	1,078408
2908	100000	1,078701
2909	100000	1,078942
2910	100000	1,079006
2911	100000	1,079061
2912	100000	1,07888
2913	100000	1,078856
2914	100000	1,078912
2915	100000	1,079062
2916	100000	1,07921
2917	100000	1,078864
2918	100000	1,079164
2919	100000	1,079488
2920	100000	1,078521
2921	100000	1,078492
2922	100000	1,0783
2923	100000	1,078324
2924	100000	1,07855
2925	100000	1,079138
2926	100000	1,079081
2927	100000	1,07887
2928	100000	1,078935
2929	100000	1,079215
2930	100000	1,079711
2931	100000	1,079841
2932	100000	1,079769
2933	100000	1,079838
2934	100000	1,08016
2935	100000	1,080247
2936	100000	1,080266
2937	100000	1,080455
2938	100000	1,080597
2939	100000	1,080692
2940	100000	1,080294
2941	100000	1,08069
2942	100000	1,080897
2943	100000	1,080987
2944	100000	1,080957
2945	100000	1,08044
2946	100000	1,08038
2947	100000	1,080164
2948	100000	1,079562
2949	100000	1,080378
2950	100000	1,080197
2951	100000	1,080222
2952	100000	1,080752
2953	100000	1,080744
2954	100000	1,080691
2955	100000	1,080849
2956	100000	1,081232
2957	100000	1,081249
2958	100000	1,081391
2959	100000	1,081259
2960	100000	1,080829
2961	100000	1,080997
2962	100000	1,081154
2963	100000	1,080985
2964	100000	1,081218
2965	100000	1,081045
2966	100000	1,08167
2967	100000	1,081982
2968	100000	1,081851
2969	100000	1,082457
2970	100000	1,081785
2971	100000	1,082462
2972	100000	1,082518
2973	100000	1,082713
2974	100000	1,082607
2975	100000	1,082152
2976	100000	1,081758
2977	100000	1,082108
2978	100000	1,081866
2979	100000	1,082066
2980	100000	1,081629
2981	100000	1,081052
2982	100000	1,081671
2983	100000	1,081984
2984	100000	1,08229
2985	100000	1,082534
2986	100000	1,082696
2987	100000	1,082891
2988	100000	1,08292
2989	100000	1,083172
2990	100000	1,083385
2991	100000	1,08358
2992	100000	1,083274
2993	100000	1,083144
2994	100000	1,083013
2995	100000	1,083014
2996	100000	1,082983
2997	100000	1,083273
2998	100000	1,083398
2999	100000	1,083404
3000	100000	1,08324
3001	100000	1,083417
3002	100000	1,083726
3003	100000	1,083775
3004	100000	1,083852
3005	100000	1,083599
3006	100000	1,083949
3007	100000	1,083637
3008	100000	1,083296
3009	100000	1,083147
3010	100000	1,082949
3011	100000	1,083188
3012	100000	1,083436
3013	100000	1,083272
3014	100000	1,083677
3015	100000	1,083871
3016	100000	1,084089
3017	100000	1,084202
3018	100000	1,084297
3019	100000	1,084927
3020	100000	1,084988
3021	100000	1,084692
3022	100000	1,084554
3023	100000	1,08444
3024	100000	1,084235
3025	100000	1,084263
3026	100000	1,084563
3027	100000	1,084529
3028	100000	1,084729
3029	100000	1,084889
3030	100000	1,083979
3031	100000	1,084371
3032	100000	1,085113
3033	100000	1,085099
3034	100000	1,084849
3035	100000	1,084861
3036	100000	1,085088
3037	100000	1,085299
3038	100000	1,085976
3039	100000	1,086094
3040	100000	1,085602
3041	100000	1,085947
3042	100000	1,08657
3043	100000	1,086494
3044	100000	1,086619
3045	100000	1,086739
3046	100000	1,086023
3047	100000	1,086545
3048	100000	1,086161
3049	100000	1,086116
3050	100000	1,086227
3051	100000	1,086042
3052	100000	1,086275
3053	100000	1,08723
3054	100000	1,086556
3055	100000	1,086225
3056	100000	1,086577
3057	100000	1,086485
3058	100000	1,086577
3059	100000	1,086135
3060	100000	1,085697
3061	100000	1,085646
3062	100000	1,086411
3063	100000	1,086198
3064	100000	1,086589
3065	100000	1,086738
3066	100000	1,08709
3067	100000	1,086805
3068	100000	1,086019
3069	100000	1,086576
3070	100000	1,086694
3071	100000	1,086218
3072	100000	1,086268
3073	100000	1,086414
3074	100000	1,086574
3075	100000	1,086777
3076	100000	1,086414
3077	100000	1,08653
3078	100000	1,087162
3079	100000	1,086702
3080	100000	1,087191
3081	100000	1,086693
3082	100000	1,087481
3083	100000	1,087545
3084	100000	1,08708
3085	100000	1,087225
3086	100000	1,086921
3087	100000	1,087172
3088	100000	1,087555
3089	100000	1,086776
3090	100000	1,087126
3091	100000	1,087052
3092	100000	1,087401
3093	100000	1,087789
3094	100000	1,087611
3095	100000	1,087674
3096	100000	1,087743
3097	100000	1,087868
3098	100000	1,087664
3099	100000	1,087715
3100	100000	1,087399
3101	100000	1,087826
3102	100000	1,088455
3103	100000	1,088184
3104	100000	1,088612
3105	100000	1,088379
3106	100000	1,08853
3107	100000	1,088626
3108	100000	1,088443
3109	100000	1,088772
3110	100000	1,08856
3111	100000	1,088842
3112	100000	1,089031
3113	100000	1,089013
3114	100000	1,089058
3115	100000	1,089451
3116	100000	1,089174
3117	100000	1,089195
3118	100000	1,089109
3119	100000	1,088966
3120	100000	1,089242
3121	100000	1,089195
3122	100000	1,089989
3123	100000	1,089794
3124	100000	1,089726
3125	100000	1,089032
3126	100000	1,089397
3127	100000	1,08942
3128	100000	1,089189
3129	100000	1,08923
3130	100000	1,08968
3131	100000	1,089472
3132	100000	1,089906
3133	100000	1,090133
3134	100000	1,0905
3135	100000	1,090881
3136	100000	1,091058
3137	100000	1,089712
3138	100000	1,089542
3139	100000	1,090259
3140	100000	1,090601
3141	100000	1,090015
3142	100000	1,089986
3143	100000	1,090462
3144	100000	1,090357
3145	100000	1,089931
3146	100000	1,090163
3147	100000	1,090078
3148	100000	1,090269
3149	100000	1,090643
3150	100000	1,090493
3151	100000	1,090593
3152	100000	1,090535
3153	100000	1,0903
3154	100000	1,090293
3155	100000	1,090047
3156	100000	1,090084
3157	100000	1,090501
3158	100000	1,090875
3159	100000	1,090673
3160	100000	1,090963
3161	100000	1,090805
3162	100000	1,091107
3163	100000	1,090442
3164	100000	1,090533
3165	100000	1,090736
3166	100000	1,091045
3167	100000	1,091392
3168	100000	1,091673
3169	100000	1,091541
3170	100000	1,091561
3171	100000	1,091226
3172	100000	1,091574
3173	100000	1,091586
3174	100000	1,091913
3175	100000	1,091494
3176	100000	1,091992
3177	100000	1,092533
3178	100000	1,09218
3179	100000	1,09211
3180	100000	1,092014
3181	100000	1,092403
3182	100000	1,09235
3183	100000	1,093011
3184	100000	1,09323
3185	100000	1,09245
3186	100000	1,092628
3187	100000	1,092933
3188	100000	1,092345
3189	100000	1,092831
3190	100000	1,093185
3191	100000	1,093015
3192	100000	1,092988
3193	100000	1,092926
3194	100000	1,09355
3195	100000	1,093682
3196	100000	1,093732
3197	100000	1,094274
3198	100000	1,094251
3199	100000	1,094215
3200	100000	1,094562
3201	100000	1,094961
3202	100000	1,095138
3203	100000	1,094967
3204	100000	1,094553
3205	100000	1,094936
3206	100000	1,095087
3207	100000	1,094577
3208	100000	1,094553
3209	100000	1,094793
3210	100000	1,095118
3211	100000	1,094757
3212	100000	1,094405
3213	100000	1,094526
3214	100000	1,094667
3215	100000	1,095209
3216	100000	1,094787
3217	100000	1,094731
3218	100000	1,094714
3219	100000	1,094812
3220	100000	1,094663
3221	100000	1,094664
3222	100000	1,094373
3223	100000	1,094271
3224	100000	1,094758
3225	100000	1,094903
3226	100000	1,095014
3227	100000	1,095448
3228	100000	1,095402
3229	100000	1,095354
3230	100000	1,095751
3231	100000	1,095786
3232	100000	1,095941
3233	100000	1,096017
3234	100000	1,095708
3235	100000	1,095975
3236	100000	1,096416
3237	100000	1,095892
3238	100000	1,095949
3239	100000	1,095694
3240	100000	1,096099
3241	100000	1,096286
3242	100000	1,096324
3243	100000	1,095745
3244	100000	1,095762
3245	100000	1,09563
3246	100000	1,096158
3247	100000	1,096361
3248	100000	1,096152
3249	100000	1,096441
3250	100000	1,096715
3251	100000	1,096753
3252	100000	1,096409
3253	100000	1,096307
3254	100000	1,096208
3255	100000	1,096207
3256	100000	1,096053
3257	100000	1,095905
3258	100000	1,096621
3259	100000	1,096667
3260	100000	1,09676
3261	100000	1,097046
3262	100000	1,097415
3263	100000	1,097638
3264	100000	1,097638
3265	100000	1,097958
3266	100000	1,09777
3267	100000	1,097978
3268	100000	1,098451
3269	100000	1,09796
3270	100000	1,097783
3271	100000	1,097858
3272	100000	1,098394
3273	100000	1,098222
3274	100000	1,098096
3275	100000	1,098093
3276	100000	1,098248
3277	100000	1,098599
3278	100000	1,097819
3279	100000	1,098247
3280	100000	1,098501
3281	100000	1,099154
3282	100000	1,099169
3283	100000	1,098775
3284	100000	1,098703
3285	100000	1,098268
3286	100000	1,098587
3287	100000	1,098413
3288	100000	1,098649
3289	100000	1,098385
3290	100000	1,098479
3291	100000	1,098688
3292	100000	1,098563
3293	100000	1,098378
3294	100000	1,098396
3295	100000	1,098525
3296	100000	1,098659
3297	100000	1,099354
3298	100000	1,099269
3299	100000	1,09944
3300	100000	1,099238
3301	100000	1,099734
3302	100000	1,099232
3303	100000	1,099338
3304	100000	1,099481
3305	100000	1,099256
3306	100000	1,099711
3307	100000	1,100018
3308	100000	1,09963
3309	100000	1,099666
3310	100000	1,100084
3311	100000	1,099993
3312	100000	1,099687
3313	100000	1,099751
3314	100000	1,099694
3315	100000	1,099781
3316	100000	1,099908
3317	100000	1,10067
3318	100000	1,100841
3319	100000	1,100793
3320	100000	1,101008
3321	100000	1,10013
3322	100000	1,100204
3323	100000	1,100845
3324	100000	1,101184
3325	100000	1,101458
3326	100000	1,101829
3327	100000	1,101736
3328	100000	1,101524
3329	100000	1,100997
3330	100000	1,101234
3331	100000	1,101108
3332	100000	1,100592
3333	100000	1,100712
3334	100000	1,100698
3335	100000	1,100516
3336	100000	1,10128
3337	100000	1,101248
3338	100000	1,101534
3339	100000	1,100955
3340	100000	1,101457
3341	100000	1,10177
3342	100000	1,101072
3343	100000	1,101085
3344	100000	1,101489
3345	100000	1,101309
3346	100000	1,101991
3347	100000	1,102197
3348	100000	1,102366
3349	100000	1,102031
3350	100000	1,102434
3351	100000	1,102077
3352	100000	1,102146
3353	100000	1,102165
3354	100000	1,102308
3355	100000	1,102641
3356	100000	1,102522
3357	100000	1,102402
3358	100000	1,102881
3359	100000	1,102659
3360	100000	1,102478
3361	100000	1,102625
3362	100000	1,103192
3363	100000	1,103182
3364	100000	1,103195
3365	100000	1,103293
3366	100000	1,103808
3367	100000	1,103924
3368	100000	1,103988
3369	100000	1,104279
3370	100000	1,104431
3371	100000	1,10506
3372	100000	1,104477
3373	100000	1,104687
3374	100000	1,104285
3375	100000	1,104551
3376	100000	1,105057
3377	100000	1,105153
3378	100000	1,105215
3379	100000	1,104551
3380	100000	1,105117
3381	100000	1,105069
3382	100000	1,104763
3383	100000	1,104839
3384	100000	1,105519
3385	100000	1,105853
3386	100000	1,105556
3387	100000	1,105305
3388	100000	1,105253
3389	100000	1,104805
3390	100000	1,104239
3391	100000	1,104751
3392	100000	1,104685
3393	100000	1,105077
3394	100000	1,105352
3395	100000	1,105595
3396	100000	1,105873
3397	100000	1,105701
3398	100000	1,106343
3399	100000	1,10653
3400	100000	1,106254
3401	100000	1,106156
3402	100000	1,105981
3403	100000	1,106413
3404	100000	1,105896
3405	100000	1,105925
3406	100000	1,105782
3407	100000	1,105679
3408	100000	1,105685
3409	100000	1,10627
3410	100000	1,106304
3411	100000	1,106442
3412	100000	1,106616
3413	100000	1,106674
3414	100000	1,106831
3415	100000	1,106487
3416	100000	1,106496
3417	100000	1,106754
3418	100000	1,106969
3419	100000	1,107087
3420	100000	1,106801
3421	100000	1,106522
3422	100000	1,106628
3423	100000	1,106942
3424	100000	1,106751
3425	100000	1,107118
3426	100000	1,107009
3427	100000	1,10672
3428	100000	1,106828
3429	100000	1,106986
3430	100000	1,106802
3431	100000	1,106242
3432	100000	1,106905
3433	100000	1,106581
3434	100000	1,107191
3435	100000	1,106635
3436	100000	1,10737
3437	100000	1,106971
3438	100000	1,10746
3439	100000	1,107148
3440	100000	1,107607
3441	100000	1,107386
3442	100000	1,107438
3443	100000	1,108162
3444	100000	1,10759
3445	100000	1,107223
3446	100000	1,107809
3447	100000	1,10775
3448	100000	1,107471
3449	100000	1,10739
3450	100000	1,106824
3451	100000	1,107218
3452	100000	1,106829
3453	100000	1,107072
3454	100000	1,107018
3455	100000	1,107504
3456	100000	1,107595
3457	100000	1,107772
3458	100000	1,107909
3459	100000	1,10827
3460	100000	1,10831
3461	100000	1,107949
3462	100000	1,107741
3463	100000	1,107994
3464	100000	1,108203
3465	100000	1,107665
3466	100000	1,107683
3467	100000	1,107646
3468	100000	1,107815
3469	100000	1,107694
3470	100000	1,108052
3471	100000	1,108313
3472	100000	1,108235
3473	100000	1,107801
3474	100000	1,108585
3475	100000	1,108196
3476	100000	1,108273
3477	100000	1,10852
3478	100000	1,109096
3479	100000	1,109048
3480	100000	1,108568
3481	100000	1,108372
3482	100000	1,108514
3483	100000	1,109014
3484	100000	1,108569
3485	100000	1,108853
3486	100000	1,108615
3487	100000	1,108915
3488	100000	1,109271
3489	100000	1,109626
3490	100000	1,108868
3491	100000	1,10912
3492	100000	1,108805
3493	100000	1,109074
3494	100000	1,10879
3495	100000	1,108953
3496	100000	1,109326
3497	100000	1,109732
3498	100000	1,110061
3499	100000	1,110034
3500	100000	1,109956
3501	100000	1,109226
3502	100000	1,109805
3503	100000	1,110076
3504	100000	1,109767
3505	100000	1,110161
3506	100000	1,109921
3507	100000	1,110063
3508	100000	1,109937
3509	100000	1,110245
3510	100000	1,109943
3511	100000	1,110449
3512	100000	1,110705
3513	100000	1,11105
3514	100000	1,11073
3515	100000	1,110612
3516	100000	1,110578
3517	100000	1,110935
3518	100000	1,111419
3519	100000	1,111762
3520	100000	1,111138
3521	100000	1,111094
3522	100000	1,111171
3523	100000	1,111295
3524	100000	1,111227
3525	100000	1,111646
3526	100000	1,111196
3527	100000	1,111399
3528	100000	1,111665
3529	100000	1,111571
3530	100000	1,111859
3531	100000	1,111518
3532	100000	1,111132
3533	100000	1,111438
3534	100000	1,111418
3535	100000	1,111251
3536	100000	1,111165
3537	100000	1,111792
3538	100000	1,112252
3539	100000	1,112334
3540	100000	1,112075
3541	100000	1,112409
3542	100000	1,112693
3543	100000	1,112044
3544	100000	1,112013
3545	100000	1,112436
3546	100000	1,112653
3547	100000	1,112659
3548	100000	1,112864
3549	100000	1,113423
3550	100000	1,113035
3551	100000	1,113003
3552	100000	1,113115
3553	100000	1,113213
3554	100000	1,113628
3555	100000	1,112321
3556	100000	1,112641
3557	100000	1,1125
3558	100000	1,112729
3559	100000	1,113188
3560	100000	1,11313
3561	100000	1,113033
3562	100000	1,113282
3563	100000	1,113681
3564	100000	1,113914
3565	100000	1,114171
3566	100000	1,113968
3567	100000	1,114093
3568	100000	1,113929
3569	100000	1,11413
3570	100000	1,113971
3571	100000	1,114424
3572	100000	1,114627
3573	100000	1,114451
3574	100000	1,114583
3575	100000	1,114381
3576	100000	1,114494
3577	100000	1,1144
3578	100000	1,114718
3579	100000	1,11512
3580	100000	1,115539
3581	100000	1,115164
3582	100000	1,115446
3583	100000	1,115016
3584	100000	1,115268
3585	100000	1,115153
3586	100000	1,11483
3587	100000	1,11541
3588	100000	1,115257
3589	100000	1,115373
3590	100000	1,115728
3591	100000	1,115315
3592	100000	1,115102
3593	100000	1,115486
3594	100000	1,11554
3595	100000	1,11592
3596	100000	1,115922
3597	100000	1,116221
3598	100000	1,116467
3599	100000	1,116257
3600	100000	1,115984
3601	100000	1,116343
3602	100000	1,116063
3603	100000	1,11603
3604	100000	1,11641
3605	100000	1,116373
3606	100000	1,116272
3607	100000	1,116069
3608	100000	1,116312
3609	100000	1,116811
3610	100000	1,116247
3611	100000	1,116484
3612	100000	1,116146
3613	100000	1,115696
3614	100000	1,115967
3615	100000	1,115998
3616	100000	1,116092
3617	100000	1,11696
3618	100000	1,117135
3619	100000	1,116724
3620	100000	1,116787
3621	100000	1,116437
3622	100000	1,116257
3623	100000	1,116888
3624	100000	1,116843
3625	100000	1,116528
3626	100000	1,116998
3627	100000	1,116344
3628	100000	1,116238
3629	100000	1,115503
3630	100000	1,11596
3631	100000	1,115957
3632	100000	1,11609
3633	100000	1,1164
3634	100000	1,116948
3635	100000	1,117159
3636	100000	1,117164
3637	100000	1,117276
3638	100000	1,117217
3639	100000	1,117654
3640	100000	1,117297
3641	100000	1,116833
3642	100000	1,11713
3643	100000	1,117247
3644	100000	1,116888
3645	100000	1,116927
3646	100000	1,117687
3647	100000	1,117438
3648	100000	1,117244
3649	100000	1,116857
3650	100000	1,116941
3651	100000	1,117422
3652	100000	1,117882
3653	100000	1,117226
3654	100000	1,11768
3655	100000	1,117702
3656	100000	1,118231
3657	100000	1,118324
3658	100000	1,118319
3659	100000	1,118825
3660	100000	1,11895
3661	100000	1,118866
3662	100000	1,119313
3663	100000	1,119457
3664	100000	1,119461
3665	100000	1,119799
3666	100000	1,11944
3667	100000	1,119498
3668	100000	1,119749
3669	100000	1,119538
3670	100000	1,119521
3671	100000	1,119675
3672	100000	1,119024
3673	100000	1,119321
3674	100000	1,119142
3675	100000	1,11993
3676	100000	1,120137
3677	100000	1,120042
3678	100000	1,119943
3679	100000	1,120191
3680	100000	1,120061
3681	100000	1,119612
3682	100000	1,119835
3683	100000	1,120207
3684	100000	1,120556
3685	100000	1,120603
3686	100000	1,120174
3687	100000	1,120637
3688	100000	1,120794
3689	100000	1,120644
3690	100000	1,121193
3691	100000	1,12053
3692	100000	1,120791
3693	100000	1,120484
3694	100000	1,120984
3695	100000	1,120844
3696	100000	1,121095
3697	100000	1,120866
3698	100000	1,120499
3699	100000	1,120685
3700	100000	1,120778
3701	100000	1,120621
3702	100000	1,12091
3703	100000	1,120936
3704	100000	1,121132
3705	100000	1,12119
3706	100000	1,121618
3707	100000	1,12169
3708	100000	1,121345
3709	100000	1,121272
3710	100000	1,120889
3711	100000	1,120945
3712	100000	1,120593
3713	100000	1,121025
3714	100000	1,120746
3715	100000	1,120552
3716	100000	1,121124
3717	100000	1,120646
3718	100000	1,120621
3719	100000	1,120857
3720	100000	1,121259
3721	100000	1,121134
3722	100000	1,121277
3723	100000	1,121209
3724	100000	1,12135
3725	100000	1,121531
3726	100000	1,121682
3727	100000	1,121608
3728	100000	1,121946
3729	100000	1,12169
3730	100000	1,122158
3731	100000	1,12244
3732	100000	1,122397
3733	100000	1,121574
3734	100000	1,122152
3735	100000	1,121762
3736	100000	1,122218
3737	100000	1,122293
3738	100000	1,122424
3739	100000	1,122671
3740	100000	1,122356
3741	100000	1,122724
3742	100000	1,122883
3743	100000	1,123059
3744	100000	1,123014
3745	100000	1,123006
3746	100000	1,122534
3747	100000	1,123093
3748	100000	1,123449
3749	100000	1,12332
3750	100000	1,123409
3751	100000	1,123365
3752	100000	1,123321
3753	100000	1,123993
3754	100000	1,123807
3755	100000	1,123833
3756	100000	1,124093
3757	100000	1,124307
3758	100000	1,124424
3759	100000	1,124229
3760	100000	1,123802
3761	100000	1,12416
3762	100000	1,12403
3763	100000	1,124444
3764	100000	1,124373
3765	100000	1,124731
3766	100000	1,124405
3767	100000	1,124537
3768	100000	1,124407
3769	100000	1,124383
3770	100000	1,124759
3771	100000	1,124841
3772	100000	1,125126
3773	100000	1,125099
3774	100000	1,125034
3775	100000	1,124882
3776	100000	1,125073
3777	100000	1,125039
3778	100000	1,124948
3779	100000	1,124507
3780	100000	1,124917
3781	100000	1,124773
3782	100000	1,125306
3783	100000	1,125607
3784	100000	1,124661
3785	100000	1,124736
3786	100000	1,125116
3787	100000	1,125544
3788	100000	1,124912
3789	100000	1,12537
3790	100000	1,12551
3791	100000	1,12536
3792	100000	1,1254
3793	100000	1,125343
3794	100000	1,125525
3795	100000	1,125199
3796	100000	1,125051
3797	100000	1,125283
3798	100000	1,12592
3799	100000	1,126232
3800	100000	1,126139
3801	100000	1,126024
3802	100000	1,125768
3803	100000	1,125415
3804	100000	1,125503
3805	100000	1,125672
3806	100000	1,125511
3807	100000	1,125739
3808	100000	1,126035
3809	100000	1,125759
3810	100000	1,12614
3811	100000	1,126063
3812	100000	1,126266
3813	100000	1,126469
3814	100000	1,126929
3815	100000	1,126479
3816	100000	1,126896
3817	100000	1,127024
3818	100000	1,127087
3819	100000	1,127413
3820	100000	1,127112
3821	100000	1,127567
3822	100000	1,127589
3823	100000	1,127431
3824	100000	1,12772
3825	100000	1,127445
3826	100000	1,12755
3827	100000	1,127596
3828	100000	1,127683
3829	100000	1,128041
3830	100000	1,128149
3831	100000	1,128266
3832	100000	1,12797
3833	100000	1,128322
3834	100000	1,128226
3835	100000	1,128414
3836	100000	1,128249
3837	100000	1,12831
3838	100000	1,128146
3839	100000	1,128936
3840	100000	1,128971
3841	100000	1,128919
3842	100000	1,129318
3843	100000	1,129601
3844	100000	1,129251
3845	100000	1,129784
3846	100000	1,129932
3847	100000	1,130177
3848	100000	1,130402
3849	100000	1,129907
3850	100000	1,129599
3851	100000	1,12949
3852	100000	1,12998
3853	100000	1,130581
3854	100000	1,129572
3855	100000	1,129938
3856	100000	1,130155
3857	100000	1,130461
3858	100000	1,130208
3859	100000	1,130006
3860	100000	1,129854
3861	100000	1,129843
3862	100000	1,130162
3863	100000	1,130532
3864	100000	1,130584
3865	100000	1,130626
3866	100000	1,130835
3867	100000	1,130855
3868	100000	1,130641
3869	100000	1,131205
3870	100000	1,131241
3871	100000	1,130407
3872	100000	1,13059
3873	100000	1,131169
3874	100000	1,131317
3875	100000	1,131135
3876	100000	1,131283
3877	100000	1,131467
3878	100000	1,130747
3879	100000	1,130894
3880	100000	1,130684
3881	100000	1,131182
3882	100000	1,131238
3883	100000	1,131284
3884	100000	1,132034
3885	100000	1,131463
3886	100000	1,132338
3887	100000	1,132214
3888	100000	1,131977
3889	100000	1,132428
3890	100000	1,132489
3891	100000	1,131992
3892	100000	1,132179
3893	100000	1,132774
3894	100000	1,132624
3895	100000	1,132632
3896	100000	1,132676
3897	100000	1,132796
3898	100000	1,132064
3899	100000	1,132163
3900	100000	1,133031
3901	100000	1,132876
3902	100000	1,133089
3903	100000	1,132982
3904	100000	1,132648
3905	100000	1,132943
3906	100000	1,133463
3907	100000	1,133479
3908	100000	1,133597
3909	100000	1,133496
3910	100000	1,132975
3911	100000	1,133156
3912	100000	1,133311
3913	100000	1,13302
3914	100000	1,133342
3915	100000	1,133817
3916	100000	1,133625
3917	100000	1,133446
3918	100000	1,133499
3919	100000	1,133797
3920	100000	1,132765
3921	100000	1,1328
3922	100000	1,132818
3923	100000	1,133254
3924	100000	1,134092
3925	100000	1,133748
3926	100000	1,134041
3927	100000	1,134147
3928	100000	1,13435
3929	100000	1,134876
3930	100000	1,134386
3931	100000	1,134493
3932	100000	1,134934
3933	100000	1,13453
3934	100000	1,135123
3935	100000	1,134804
3936	100000	1,134453
3937	100000	1,135154
3938	100000	1,134908
3939	100000	1,134741
3940	100000	1,134808
3941	100000	1,134858
3942	100000	1,135264
3943	100000	1,134921
3944	100000	1,134928
3945	100000	1,135178
3946	100000	1,134916
3947	100000	1,134796
3948	100000	1,13492
3949	100000	1,134673
3950	100000	1,134432
3951	100000	1,134866
3952	100000	1,13503
3953	100000	1,13514
3954	100000	1,135304
3955	100000	1,134917
3956	100000	1,135441
3957	100000	1,135274
3958	100000	1,135473
3959	100000	1,135317
3960	100000	1,135389
3961	100000	1,135418
3962	100000	1,134863
3963	100000	1,135014
3964	100000	1,135338
3965	100000	1,13607
3966	100000	1,136388
3967	100000	1,136467
3968	100000	1,13612
3969	100000	1,136288
3970	100000	1,136607
3971	100000	1,136502
3972	100000	1,136014
3973	100000	1,135956
3974	100000	1,136014
3975	100000	1,136136
3976	100000	1,136297
3977	100000	1,136371
3978	100000	1,136399
3979	100000	1,136161
3980	100000	1,136324
3981	100000	1,135965
3982	100000	1,136422
3983	100000	1,13664
3984	100000	1,136182
3985	100000	1,136305
3986	100000	1,136299
3987	100000	1,136334
3988	100000	1,136356
3989	100000	1,136601
3990	100000	1,136728
3991	100000	1,136801
3992	100000	1,136937
3993	100000	1,137119
3994	100000	1,137133
3995	100000	1,136962
3996	100000	1,137316
3997	100000	1,137673
3998	100000	1,137576
3999	100000	1,137551
4000	100000	1,13728
